name C:\Users\antoi\Documents\MyRepositories\upper-imu-dc\Results\main_tracking\Case_78\FLX01_orientations_groundFrame.mot
datacolumns 13
datarows 550
range 0.710000 6.200000
endheader 
time	radius_imu_[0][0]	radius_imu_[0][1]	radius_imu_[0][2]	radius_imu_[1][0]	radius_imu_[1][1]	radius_imu_[1][2]	radius_imu_[2][0]	radius_imu_[2][1]	radius_imu_[2][2]	radius_imu_x	radius_imu_y	radius_imu_z	
          0.71000000	          0.65383473	         -0.11861895	          0.74728153	         -0.11721249	          0.95983354	          0.25491335	         -0.74750343	         -0.25426193	          0.61366888	         -0.39370481	          0.84396166	          0.17946841	
          0.72000000	          0.65152271	         -0.12567477	          0.74814705	         -0.11580296	          0.95814998	          0.26179818	         -0.74973851	         -0.25720510	          0.60970296	         -0.40558011	          0.84526512	          0.19055355	
          0.73000000	          0.64922462	         -0.13309293	          0.74886158	         -0.11429827	          0.95631879	          0.26905442	         -0.75195964	         -0.26027034	          0.60565341	         -0.41805215	          0.84634262	          0.20220138	
          0.74000000	          0.64691288	         -0.14088561	          0.74943643	         -0.11269598	          0.95433037	          0.27668243	         -0.75419052	         -0.26344790	          0.60149137	         -0.43113380	          0.84721046	          0.21443317	
          0.75000000	          0.64455668	         -0.14906417	          0.74988437	         -0.11099349	          0.95217537	          0.28467965	         -0.75645696	         -0.26672445	          0.59718584	         -0.44483605	          0.84788728	          0.22727063	
          0.76000000	          0.64212082	         -0.15763880	          0.75022054	         -0.10918902	          0.94984477	          0.29304040	         -0.75878759	         -0.27008319	          0.59270268	         -0.45916870	          0.84839557	          0.24073616	
          0.77000000	          0.63956718	         -0.16661824	          0.75046132	         -0.10728151	          0.94732994	          0.30175597	         -0.76121252	         -0.27350384	          0.58800608	         -0.47413997	          0.84875980	          0.25485243	
          0.78000000	          0.63685636	         -0.17600972	          0.75062278	         -0.10527053	          0.94462268	          0.31081522	         -0.76376180	         -0.27696311	          0.58306033	         -0.48975662	          0.84900413	          0.26964196	
          0.79000000	          0.63394994	         -0.18581876	          0.75071890	         -0.10315574	          0.94171527	          0.32020500	         -0.76646355	         -0.28043490	          0.57783207	         -0.50602296	          0.84914962	          0.28512624	
          0.80000000	          0.63081306	         -0.19604891	          0.75075942	         -0.10093619	          0.93860050	          0.32991057	         -0.76934178	         -0.28389069	          0.57229302	         -0.52293938	          0.84921097	          0.30132410	
          0.81000000	          0.62741725	         -0.20670211	          0.75074751	         -0.09860984	          0.93527126	          0.33991729	         -0.77241420	         -0.28730106	          0.56642246	         -0.54050233	          0.84919294	          0.31825077	
          0.82000000	          0.62374636	         -0.21777782	          0.75067523	         -0.09617476	          0.93171939	          0.35021334	         -0.77568737	         -0.29064031	          0.56021185	         -0.55870320	          0.84908352	          0.33591278	
          0.83000000	          0.61980592	         -0.22926603	          0.75051829	         -0.09363170	          0.92793610	          0.36078761	         -0.77914936	         -0.29389060	          0.55367372	         -0.57751669	          0.84884601	          0.35429170	
          0.84000000	          0.61561490	         -0.24115559	          0.75024148	         -0.09097922	          0.92391109	          0.37163299	         -0.78277779	         -0.29703919	          0.54683329	         -0.59690945	          0.84842723	          0.37335787	
          0.85000000	          0.61120100	         -0.25343354	          0.74980316	         -0.08821195	          0.91963416	          0.38274229	         -0.78654433	         -0.30007407	          0.53972545	         -0.61683559	          0.84776453	          0.39307022	
          0.86000000	          0.60660020	         -0.26608433	          0.74915641	         -0.08532046	          0.91509555	          0.39410728	         -0.79041547	         -0.30298392	          0.53239471	         -0.63723439	          0.84678761	          0.41337410	
          0.87000000	          0.60185509	         -0.27909052	          0.74825058	         -0.08229092	          0.91028590	          0.40571886	         -0.79435423	         -0.30575819	          0.52489359	         -0.65803086	          0.84542115	          0.43420236	
          0.88000000	          0.59701324	         -0.29243366	          0.74703263	         -0.07910516	          0.90519595	          0.41756755	         -0.79832172	         -0.30838749	          0.51728096	         -0.67913729	          0.84358717	          0.45547675	
          0.89000000	          0.59212523	         -0.30609443	          0.74544880	         -0.07574071	          0.89981676	          0.42964303	         -0.80227866	         -0.31086330	          0.50962040	         -0.70045403	          0.84120789	          0.47710920	
          0.90000000	          0.58724251	         -0.32005208	          0.74344664	         -0.07217073	          0.89414041	          0.44193247	         -0.80618709	         -0.31317662	          0.50197886	         -0.72186933	          0.83820921	          0.49900278	
          0.91000000	          0.58241636	         -0.33428486	          0.74097558	         -0.06836514	          0.88815950	          0.45442152	         -0.81001073	         -0.31531943	          0.49442519	         -0.74326280	          0.83452197	          0.52105384	
          0.92000000	          0.57769547	         -0.34876994	          0.73798880	         -0.06429150	          0.88186749	          0.46709350	         -0.81371650	         -0.31728421	          0.48702791	         -0.76450826	          0.83008510	          0.54315491	
          0.93000000	          0.57312266	         -0.36348339	          0.73444553	         -0.05991660	          0.87525895	          0.47992892	         -0.81727622	         -0.31906363	          0.47985205	         -0.78547826	          0.82484932	          0.56519890	
          0.94000000	          0.56873303	         -0.37840040	          0.73031218	         -0.05520827	          0.86832948	          0.49290564	         -0.82066728	         -0.32065099	          0.47295683	         -0.80604911	          0.81877883	          0.58708305	
          0.95000000	          0.56455169	         -0.39349553	          0.72556369	         -0.05013722	          0.86107567	          0.50599897	         -0.82387357	         -0.32204032	          0.46639295	         -0.82610617	          0.81185317	          0.60871328	
          0.96000000	          0.56059182	         -0.40874292	          0.72018472	         -0.04467952	          0.85349499	          0.51918209	         -0.82688605	         -0.32322674	          0.46019988	         -0.84554942	          0.80406853	          0.63000834	
          0.97000000	          0.55685299	         -0.42411667	          0.71417071	         -0.03881910	          0.84558560	          0.53242659	         -0.82970346	         -0.32420680	          0.45440304	         -0.86429890	          0.79543864	          0.65090368	
          0.98000000	          0.55331995	         -0.43959097	          0.70752866	         -0.03254998	          0.83734632	          0.54570289	         -0.83233258	         -0.32497834	          0.44901175	         -0.88229863	          0.78599497	          0.67135420	
          0.99000000	          0.54996241	         -0.45514006	          0.70027771	         -0.02587821	          0.82877687	          0.55898051	         -0.83478839	         -0.32554020	          0.44401792	         -0.89951906	          0.77578644	          0.69133558	
          1.00000000	          0.54673460	         -0.47073834	          0.69244977	         -0.01882491	          0.81987759	          0.57222930	         -0.83709432	         -0.32589287	          0.43939384	         -0.91596043	          0.76487909	          0.71084541	
          1.01000000	          0.54358010	         -0.48636044	          0.68408639	         -0.01142448	          0.81064954	          0.58542019	         -0.83927954	         -0.32603810	          0.43509655	         -0.93164795	          0.75335042	          0.72989894	
          1.02000000	          0.54043434	         -0.50198208	          0.67523678	         -0.00372395	          0.80109403	          0.59852693	         -0.84137795	         -0.32597905	          0.43106937	         -0.94663027	          0.74128567	          0.74852727	
          1.03000000	          0.53722414	         -0.51757965	          0.66595911	          0.00421407	          0.79121268	          0.61152656	         -0.84342899	         -0.32572044	          0.42723966	         -0.96098068	          0.72877877	          0.76677648	
          1.04000000	          0.53387586	         -0.53312800	          0.65631631	          0.01231583	          0.78100912	          0.62439817	         -0.84547318	         -0.32526803	          0.42352783	         -0.97478465	          0.71592595	          0.78469727	
          1.05000000	          0.53034160	         -0.54859303	          0.64636172	          0.02049868	          0.77048804	          0.63712477	         -0.84753619	         -0.32464421	          0.41986730	         -0.98811795	          0.70280656	          0.80231270	
          1.06000000	          0.52649848	         -0.56396894	          0.63619052	          0.02866683	          0.75965536	          0.64969373	         -0.84969263	         -0.32382520	          0.41612460	         -1.00113313	          0.68955060	          0.81974648	
          1.07000000	          0.52231406	         -0.57922277	          0.62585062	          0.03672892	          0.74851712	          0.66209750	         -0.85196186	         -0.32283602	          0.41223525	         -1.01391020	          0.67622167	          0.83701528	
          1.08000000	          0.51773870	         -0.59433073	          0.61540037	          0.04458911	          0.73708075	          0.67433210	         -0.85437606	         -0.32168767	          0.40811591	         -1.02655109	          0.66289382	          0.85416300	
          1.09000000	          0.51273293	         -0.60926903	          0.60489354	          0.05215131	          0.72535520	          0.68639644	         -0.85696277	         -0.32039207	          0.40368767	         -1.03915337	          0.64963217	          0.87122595	
          1.10000000	          0.50727012	         -0.62401416	          0.59437644	          0.05932374	          0.71335105	          0.69829147	         -0.85974282	         -0.31896176	          0.39888053	         -1.05180478	          0.63649003	          0.88823019	
          1.11000000	          0.50133674	         -0.63854361	          0.58388657	          0.06602124	          0.70107976	          0.71001997	         -0.86272978	         -0.31741019	          0.39363448	         -1.06458191	          0.62350789	          0.90519136	
          1.12000000	          0.49493121	         -0.65283589	          0.57345306	          0.07216572	          0.68855372	          0.72158568	         -0.86593026	         -0.31575162	          0.38789909	         -1.07755036	          0.61071463	          0.92211547	
          1.13000000	          0.48806318	         -0.66687052	          0.56309683	          0.07768768	          0.67578638	          0.73299208	         -0.86934398	         -0.31400076	          0.38163407	         -1.09076365	          0.59812845	          0.93899911	
          1.14000000	          0.48075269	         -0.68062828	          0.55283089	          0.08252749	          0.66279220	          0.74424170	         -0.87296395	         -0.31217246	          0.37480967	         -1.10426263	          0.58575766	          0.95583023	
          1.15000000	          0.47302872	         -0.69409137	          0.54266104	          0.08663561	          0.64958639	          0.75533555	         -0.87677711	         -0.31028164	          0.36740605	         -1.11807619	          0.57360197	          0.97258931	
          1.16000000	          0.46492765	         -0.70724357	          0.53258691	          0.08997257	          0.63618474	          0.76627274	         -0.88076513	         -0.30834317	          0.35941240	         -1.13222222	          0.56165409	          0.98925067	
          1.17000000	          0.45649228	         -0.72007039	          0.52260256	          0.09250975	          0.62260351	          0.77705008	         -0.88490493	         -0.30637153	          0.35082723	         -1.14670733	          0.54990069	          1.00578330	
          1.18000000	          0.44777023	         -0.73255918	          0.51269764	          0.09422886	          0.60885912	          0.78766204	         -0.88916970	         -0.30438070	          0.34165720	         -1.16152836	          0.53832387	          1.02215234	
          1.19000000	          0.43881251	         -0.74469936	          0.50285828	          0.09512172	          0.59496793	          0.79810088	         -0.89352976	         -0.30238391	          0.33191645	         -1.17667328	          0.52690239	          1.03832032	
          1.20000000	          0.42967230	         -0.75648207	          0.49306856	          0.09518988	          0.58094647	          0.80835641	         -0.89795357	         -0.30039322	          0.32162604	         -1.19212188	          0.51561336	          1.05424816	
          1.21000000	          0.42040322	         -0.76790041	          0.48331159	          0.09444299	          0.56681099	          0.81841666	         -0.90240881	         -0.29841961	          0.31081197	         -1.20784830	          0.50443352	          1.06989683	
          1.22000000	          0.41105887	         -0.77894950	          0.47356972	          0.09289922	          0.55257724	          0.82826815	         -0.90686291	         -0.29647271	          0.29950558	         -1.22382097	          0.49333940	          1.08522782	
          1.23000000	          0.40169101	         -0.78962604	          0.46382653	          0.09058253	          0.53826075	          0.83789628	         -0.91128434	         -0.29456082	          0.28774083	         -1.24000556	          0.48230958	          1.10020468	
          1.24000000	          0.39234969	         -0.79992842	          0.45406633	          0.08752331	          0.52387646	          0.84728574	         -0.91564261	         -0.29269091	          0.27555516	         -1.25636451	          0.47132401	          1.11479287	
          1.25000000	          0.38308162	         -0.80985615	          0.44427637	          0.08375519	          0.50943937	          0.85642081	         -0.91990953	         -0.29086862	          0.26298651	         -1.27286025	          0.46036638	          1.12896124	
          1.26000000	          0.37393115	         -0.81941019	          0.43444499	          0.07931715	          0.49496369	          0.86528593	         -0.92405860	         -0.28909842	          0.25007562	         -1.28945305	          0.44942198	          1.14268106	
          1.27000000	          0.36493842	         -0.82859204	          0.42456470	          0.07424812	          0.48046396	          0.87386589	         -0.92806636	         -0.28738411	          0.23686116	         -1.30610630	          0.43848105	          1.15592761	
          1.28000000	          0.35614178	         -0.83740413	          0.41462917	          0.06859293	          0.46595451	          0.88214591	         -0.93191096	         -0.28572839	          0.22338588	         -1.32277991	          0.42753525	          1.16867787	
          1.29000000	          0.34757475	         -0.84584953	          0.40463609	          0.06239344	          0.45144923	          0.89011272	         -0.93557408	         -0.28413407	          0.20968782	         -1.33944005	          0.41658085	          1.18091350	
          1.30000000	          0.33926909	         -0.85393203	          0.39458405	          0.05569742	          0.43696193	          0.89775390	         -0.93903902	         -0.28260283	          0.19580949	         -1.35604908	          0.40561513	          1.19261779	
          1.31000000	          0.33125344	         -0.86165558	          0.38447473	          0.04855377	          0.42250709	          0.90505817	         -0.94229172	         -0.28113593	          0.18179355	         -1.37257019	          0.39463875	          1.20377674	
          1.32000000	          0.32355271	         -0.86902483	          0.37431203	          0.04100911	          0.40809810	          0.91201655	         -0.94532105	         -0.27973522	          0.16767918	         -1.38897149	          0.38365476	          1.21437995	
          1.33000000	          0.31618515	         -0.87604578	          0.36410265	          0.03311180	          0.39374882	          0.91862151	         -0.94811949	         -0.27839838	          0.15350498	         -1.40522253	          0.37266914	          1.22442381	
          1.34000000	          0.30917064	         -0.88272399	          0.35385290	          0.02491134	          0.37947197	          0.92486780	         -0.95068025	         -0.27712702	          0.13931143	         -1.42129178	          0.36168733	          1.23390228	
          1.35000000	          0.30252395	         -0.88906579	          0.34357136	          0.01645756	          0.36528064	          0.93075196	         -0.95299969	         -0.27592041	          0.12513799	         -1.43714949	          0.35071712	          1.24281427	
          1.36000000	          0.29625592	         -0.89507801	          0.33326834	          0.00779721	          0.35118731	          0.93627276	         -0.95507677	         -0.27477779	          0.11102043	         -1.45277042	          0.33976798	          1.25116224	
          1.37000000	          0.29037402	         -0.90076806	          0.32295483	         -0.00102478	          0.33720355	          0.94143121	         -0.95691268	         -0.27369812	          0.09699207	         -1.46813236	          0.32884997	          1.25895162	
          1.38000000	          0.28488246	         -0.90614393	          0.31264221	         -0.00996627	          0.32333976	          0.94623045	         -0.95851064	         -0.27268034	          0.08308295	         -1.48321679	          0.31797342	          1.26619066	
          1.39000000	          0.27978222	         -0.91121409	          0.30234219	         -0.01898926	          0.30960506	          0.95067561	         -0.95987568	         -0.27172338	          0.06931871	         -1.49800993	          0.30714889	          1.27289034	
          1.40000000	          0.27507145	         -0.91598746	          0.29206622	         -0.02805895	          0.29600719	          0.95477350	         -0.96101425	         -0.27082600	          0.05572148	         -1.51250151	          0.29638655	          1.27906391	
          1.41000000	          0.27074514	         -0.92047342	          0.28182576	         -0.03714698	          0.28255216	          0.95853241	         -0.96193408	         -0.26998697	          0.04230682	         -1.52668788	          0.28569647	          1.28472722	
          1.42000000	          0.26679578	         -0.92468182	          0.27163128	         -0.04623000	          0.26924390	          0.96196180	         -0.96264365	         -0.26920486	          0.02908509	         -1.54057035	          0.27508763	          1.28989807	
          1.43000000	          0.26321313	         -0.92862278	          0.26149299	         -0.05529235	          0.25608442	          0.96507177	         -0.96315191	         -0.26847812	          0.01605905	         -1.55415760	          0.26456869	          1.29459630	
          1.44000000	          0.25998498	         -0.93230663	          0.25142027	         -0.06432388	          0.24307406	          0.96787264	         -0.96346782	         -0.26780468	          0.00322602	         -1.56746323	          0.25414738	          1.29884311	
          1.45000000	          0.25709769	         -0.93574384	          0.24142131	         -0.07331854	          0.23021161	          0.97037467	         -0.96360011	         -0.26718175	         -0.00942050	         -1.58050413	          0.24383022	          1.30266049	
          1.46000000	          0.25453658	         -0.93894483	          0.23150320	         -0.08227535	          0.21749425	          0.97258779	         -0.96355690	         -0.26660618	         -0.02189177	         -1.59330131	          0.23362258	          1.30607079	
          1.47000000	          0.25228672	         -0.94192000	          0.22167122	         -0.09119467	          0.20491780	          0.97452154	         -0.96334570	         -0.26607408	         -0.03420004	         -1.60587612	          0.22352800	          1.30909598	
          1.48000000	          0.25033320	         -0.94467944	          0.21192935	         -0.10007880	          0.19247711	          0.97618482	         -0.96297327	         -0.26558110	         -0.04635897	         -1.61825063	          0.21354874	          1.31175738	
          1.49000000	          0.24866181	         -0.94723296	          0.20227955	         -0.10892844	          0.18016618	          0.97758618	         -0.96244579	         -0.26512235	         -0.05838016	         -1.63044417	          0.20368503	          1.31407500	
          1.50000000	          0.24725931	         -0.94959003	          0.19272160	         -0.11774142	          0.16797831	          0.97873400	         -0.96176909	         -0.26469241	         -0.07027188	         -1.64247208	          0.19393499	          1.31606737	
          1.51000000	          0.24611342	         -0.95175964	          0.18325331	         -0.12651242	          0.15590621	          0.97963660	         -0.96094890	         -0.26428553	         -0.08203881	         -1.65434550	          0.18429479	          1.31775152	
          1.52000000	          0.24521302	         -0.95375039	          0.17386995	         -0.13523047	          0.14394218	          0.98030269	         -0.95999130	         -0.26389550	         -0.09367962	         -1.66606895	          0.17475813	          1.31914282	
          1.53000000	          0.24454781	         -0.95557037	          0.16456498	         -0.14388076	          0.13207815	          0.98074140	         -0.95890286	         -0.26351589	         -0.10518877	         -1.67764222	          0.16531696	          1.32025544	
          1.54000000	          0.24410817	         -0.95722717	          0.15532982	         -0.15244415	          0.12030567	          0.98096245	         -0.95769096	         -0.26314007	         -0.11655609	         -1.68905996	          0.15596131	          1.32110240	
          1.55000000	          0.24388490	         -0.95872783	          0.14615436	         -0.16089844	          0.10861606	          0.98097617	         -0.95636387	         -0.26276128	         -0.12776800	         -1.70031301	          0.14667976	          1.32169594	
          1.56000000	          0.24386884	         -0.96007885	          0.13702767	         -0.16922065	          0.09700054	          0.98079318	         -0.95493055	         -0.26237280	         -0.13880976	         -1.71139064	          0.13746016	          1.32204790	
          1.57000000	          0.24405073	         -0.96128615	          0.12793819	         -0.17738744	          0.08545030	          0.98042437	         -0.95340072	         -0.26196791	         -0.14966588	         -1.72228104	          0.12828981	          1.32216983	
          1.58000000	          0.24442108	         -0.96235500	          0.11887464	         -0.18537827	          0.07395666	          0.97988025	         -0.95178424	         -0.26154017	         -0.16032314	         -1.73297439	          0.11915641	          1.32207320	
          1.59000000	          0.24497018	         -0.96329008	          0.10982640	         -0.19317660	          0.06251105	          0.97917065	         -0.95009074	         -0.26108351	         -0.17077176	         -1.74346412	          0.11004839	          1.32176934	
          1.60000000	          0.24568838	         -0.96409535	          0.10078380	         -0.20077098	          0.05110504	          0.97830429	         -0.94832918	         -0.26059246	         -0.18100646	         -1.75374802	          0.10095521	          1.32126922	
          1.61000000	          0.24656627	         -0.96477411	          0.09173871	         -0.20815655	          0.03973031	          0.97728826	         -0.94650722	         -0.26006233	         -0.19102790	         -1.76382975	          0.09186788	          1.32058324	
          1.62000000	          0.24759514	         -0.96532893	          0.08268434	         -0.21533449	          0.02837863	          0.97612792	         -0.94463099	         -0.25948932	         -0.20084220	         -1.77371839	          0.08277884	          1.31972083	
          1.63000000	          0.24876739	         -0.96576164	          0.07361548	         -0.22231208	          0.01704182	          0.97482661	         -0.94270469	         -0.25887068	         -0.21046103	         -1.78342861	          0.07368213	          1.31869005	
          1.64000000	          0.25007683	         -0.96607333	          0.06452823	         -0.22910108	          0.00571178	          0.97338588	         -0.94073071	         -0.25820475	         -0.21990006	         -1.79297916	          0.06457310	          1.31749726	
          1.65000000	          0.25151897	         -0.96626438	          0.05541973	         -0.23571625	         -0.00561948	          0.97180567	         -0.93870978	         -0.25749089	         -0.22917762	         -1.80239148	          0.05544814	          1.31614694	
          1.66000000	          0.25309125	         -0.96633443	          0.04628807	         -0.24217377	         -0.01695967	          0.97008465	         -0.93664117	         -0.25672970	         -0.23831320	         -1.81168827	          0.04630462	          1.31464139	
          1.67000000	          0.25479321	         -0.96628238	          0.03713196	         -0.24848901	         -0.02831613	          0.96822074	         -0.93452321	         -0.25592295	         -0.24732531	         -1.82089131	          0.03714050	          1.31298064	
          1.68000000	          0.25662635	         -0.96610645	          0.02795063	         -0.25467512	         -0.03969554	          0.96621160	         -0.93235374	         -0.25507369	         -0.25623019	         -1.83002011	          0.02795428	          1.31116252	
          1.69000000	          0.25859409	         -0.96580421	          0.01874360	         -0.26074149	         -0.05110388	          0.96405512	         -0.93013062	         -0.25418619	         -0.26504039	         -1.83909044	          0.01874470	          1.30918278	
          1.70000000	          0.26070156	         -0.96537259	          0.00951050	         -0.26669290	         -0.06254635	          0.96174989	         -0.92785214	         -0.25326608	         -0.27376394	         -1.84811351	          0.00951064	          1.30703529	
          1.71000000	          0.26295520	         -0.96480801	          0.00025087	         -0.27252900	         -0.07402744	          0.95929551	         -0.92551742	         -0.25232012	         -0.28240406	         -1.85709560	          0.00025087	          1.30471239	
          1.72000000	          0.26536231	         -0.96410643	         -0.00903572	         -0.27824437	         -0.08555070	          0.95669282	         -0.92312671	         -0.25135608	         -0.29095911	         -1.86603791	         -0.00903584	          1.30220541	
          1.73000000	          0.26793077	         -0.96326342	         -0.01834917	         -0.28382905	         -0.09711841	          0.95394396	         -0.92068136	         -0.25038292	         -0.29942315	         -1.87493718	         -0.01835020	          1.29950486	
          1.74000000	          0.27066874	         -0.96227425	         -0.02768922	         -0.28926931	         -0.10873205	          0.95105237	         -0.91818391	         -0.24941051	         -0.30778677	         -1.88378642	         -0.02769276	          1.29660084	
          1.75000000	          0.27358381	         -0.96113411	         -0.03705556	         -0.29454922	         -0.12039256	          0.94802236	         -0.91563784	         -0.24844888	         -0.31603876	         -1.89257660	         -0.03706405	          1.29348381	
          1.76000000	          0.27668305	         -0.95983808	         -0.04644732	         -0.29965148	         -0.13210004	          0.94485902	         -0.91304736	         -0.24750847	         -0.32416674	         -1.90129735	         -0.04646403	          1.29014455	
          1.77000000	          0.27997287	         -0.95838123	         -0.05586238	         -0.30455865	         -0.14385339	          0.94156796	         -0.91041706	         -0.24660011	         -0.33215834	         -1.90993805	         -0.05589148	          1.28657434	
          1.78000000	          0.28345863	         -0.95675883	         -0.06529734	         -0.30925548	         -0.15565065	          0.93815453	         -0.90775121	         -0.24573444	         -0.34000343	         -1.91849021	         -0.06534383	          1.28276535	
          1.79000000	          0.28714478	         -0.95496635	         -0.07474721	         -0.31372968	         -0.16748897	          0.93462352	         -0.90505335	         -0.24492185	         -0.34769487	         -1.92694829	         -0.07481699	          1.27871052	
          1.80000000	          0.29103495	         -0.95299955	         -0.08420527	         -0.31797251	         -0.17936466	          0.93097895	         -0.90232596	         -0.24417245	         -0.35522904	         -1.93531021	         -0.08430509	          1.27440346	
          1.81000000	          0.29513176	         -0.95085456	         -0.09366348	         -0.32197909	         -0.19127348	          0.92722377	         -0.89957029	         -0.24349550	         -0.36260617	         -1.94357778	         -0.09380098	          1.26983872	
          1.82000000	          0.29943708	         -0.94852801	         -0.10311182	         -0.32574822	         -0.20321006	          0.92336004	         -0.89678622	         -0.24289975	         -0.36982994	         -1.95175629	         -0.10329541	          1.26501148	
          1.83000000	          0.30395220	         -0.94601702	         -0.11253824	         -0.32928339	         -0.21516819	          0.91938844	         -0.89397176	         -0.24239317	         -0.37690853	         -1.95985564	         -0.11277715	          1.25991752	
          1.84000000	          0.30867770	         -0.94331931	         -0.12192930	         -0.33259149	         -0.22714103	          0.91530861	         -0.89112343	         -0.24198271	         -0.38385335	         -1.96788902	         -0.12223345	          1.25455327	
          1.85000000	          0.31361327	         -0.94043332	         -0.13127030	         -0.33568220	         -0.23912096	          0.91111944	         -0.88823656	         -0.24167404	         -0.39067823	         -1.97587213	         -0.13165026	          1.24891611	
          1.86000000	          0.31875761	         -0.93735824	         -0.14054577	         -0.33856728	         -0.25109983	          0.90681920	         -0.88530547	         -0.24147132	         -0.39739881	         -1.98382250	         -0.14101263	          1.24300446	
          1.87000000	          0.32410865	         -0.93409403	         -0.14973955	         -0.34126007	         -0.26306899	          0.90240582	         -0.88232372	         -0.24137740	         -0.40403192	         -1.99175885	         -0.15030484	          1.23681761	
          1.88000000	          0.32966357	         -0.93064138	         -0.15883497	         -0.34377536	         -0.27501942	          0.89787684	         -0.87928405	         -0.24139374	         -0.41059546	         -1.99970099	         -0.15951053	          1.23035575	
          1.89000000	          0.33541873	         -0.92700176	         -0.16781540	         -0.34612827	         -0.28694188	          0.89322986	         -0.87617892	         -0.24152037	         -0.41710720	         -2.00766855	         -0.16861322	          1.22362005	
          1.90000000	          0.34136880	         -0.92317761	         -0.17666479	         -0.34833421	         -0.29882709	          0.88846252	         -0.87300093	         -0.24175500	         -0.42358459	         -2.01568078	         -0.17759691	          1.21661356	
          1.91000000	          0.34750770	         -0.91917209	         -0.18536738	         -0.35040881	         -0.31066575	          0.88357256	         -0.86974253	         -0.24209391	         -0.43004474	         -2.02375656	         -0.18644571	          1.20934038	
          1.92000000	          0.35382847	         -0.91498914	         -0.19390791	         -0.35236739	         -0.32244859	          0.87855799	         -0.86639635	         -0.24253201	         -0.43650382	         -2.03191372	         -0.19514411	          1.20180572	
          1.93000000	          0.36032325	         -0.91063340	         -0.20227200	         -0.35422462	         -0.33416654	          0.87341722	         -0.86295543	         -0.24306281	         -0.44297675	         -2.04016869	         -0.20367732	          1.19401600	
          1.94000000	          0.36698309	         -0.90611014	         -0.21044674	         -0.35599350	         -0.34581095	          0.86814942	         -0.85941377	         -0.24367849	         -0.44947609	         -2.04853538	         -0.21203191	          1.18597900	
          1.95000000	          0.37379811	         -0.90142512	         -0.21842100	         -0.35768497	         -0.35737376	          0.86275458	         -0.85576658	         -0.24437012	         -0.45601185	         -2.05702485	         -0.22019611	          1.17770378	
          1.96000000	          0.38075751	         -0.89658453	         -0.22618552	         -0.35930794	         -0.36884755	          0.85723351	         -0.85201028	         -0.24512785	         -0.46259141	         -2.06564533	         -0.22815993	          1.16920054	
          1.97000000	          0.38784952	         -0.89159492	         -0.23373326	         -0.36086873	         -0.38022561	          0.85158807	         -0.84814298	         -0.24594100	         -0.46921905	         -2.07440158	         -0.23591554	          1.16048076	
          1.98000000	          0.39506141	         -0.88646310	         -0.24105945	         -0.36237112	         -0.39150194	          0.84582114	         -0.84416447	         -0.24679831	         -0.47589594	         -2.08329494	         -0.24345734	          1.15155715	
          1.99000000	          0.40237937	         -0.88119607	         -0.24816189	         -0.36381599	         -0.40267127	          0.83993677	         -0.84007665	         -0.24768796	         -0.48261983	         -2.09232293	         -0.25078233	          1.14244371	
          2.00000000	          0.40978850	         -0.87580101	         -0.25504114	         -0.36520124	         -0.41372907	          0.83394024	         -0.83588363	         -0.24859778	         -0.48938502	         -2.10147917	         -0.25789025	          1.13315574	
          2.01000000	          0.41727304	         -0.87028511	         -0.26170029	         -0.36652229	         -0.42467150	          0.82783786	         -0.83159162	         -0.24951544	         -0.49618286	         -2.11075395	         -0.26478347	          1.12370958	
          2.02000000	          0.42481652	         -0.86465558	         -0.26814484	         -0.36777236	         -0.43549535	          0.82163696	         -0.82720881	         -0.25042869	         -0.50300204	         -2.12013452	         -0.27146684	          1.11412245	
          2.03000000	          0.43240206	         -0.85891956	         -0.27438230	         -0.36894303	         -0.44619793	          0.81534560	         -0.82274510	         -0.25132568	         -0.50982928	         -2.12960577	         -0.27794729	          1.10441203	
          2.04000000	          0.44001283	         -0.85308400	         -0.28042183	         -0.37002487	         -0.45677707	          0.80897238	         -0.81821165	         -0.25219517	         -0.51665006	         -2.13915108	         -0.28423355	          1.09459608	
          2.05000000	          0.44763218	         -0.84715556	         -0.28627416	         -0.37100762	         -0.46723116	          0.80252625	         -0.81362078	         -0.25302668	         -0.52344887	         -2.14875262	         -0.29033598	          1.08469214	
          2.06000000	          0.45524396	         -0.84114054	         -0.29195124	         -0.37188062	         -0.47755915	          0.79601637	         -0.80898563	         -0.25381064	         -0.53020978	         -2.15839197	         -0.29626632	          1.07471726	
          2.07000000	          0.46283296	         -0.83504480	         -0.29746568	         -0.37263359	         -0.48776052	          0.78945164	         -0.80431950	         -0.25453854	         -0.53691739	         -2.16805117	         -0.30203707	          1.06468742	
          2.08000000	          0.47038550	         -0.82887360	         -0.30283006	         -0.37325757	         -0.49783526	          0.78284024	         -0.79963508	         -0.25520308	         -0.54355783	         -2.17771399	         -0.30766075	          1.05461701	
          2.09000000	          0.47788979	         -0.82263164	         -0.30805605	         -0.37374576	         -0.50778385	          0.77618920	         -0.79494368	         -0.25579825	         -0.55011980	         -2.18736699	         -0.31314903	          1.04451838	
          2.10000000	          0.48533638	         -0.81632304	         -0.31315378	         -0.37409403	         -0.51760706	          0.76950412	         -0.79025455	         -0.25631939	         -0.55659511	         -2.19700023	         -0.31851203	          1.03440149	
          2.11000000	          0.49271862	         -0.80995107	         -0.31813146	         -0.37430112	         -0.52730624	          0.76278883	         -0.78557434	         -0.25676330	         -0.56297919	         -2.20660792	         -0.32375789	          1.02427335	
          2.12000000	          0.50003298	         -0.80351801	         -0.32299507	         -0.37436863	         -0.53688345	          0.75604516	         -0.78090662	         -0.25712830	         -0.56927137	         -2.21618882	         -0.32889248	          1.01413760	
          2.13000000	          0.50727912	         -0.79702516	         -0.32774807	         -0.37430087	         -0.54634133	          0.74927299	         -0.77625174	         -0.25741415	         -0.57547476	         -2.22574605	         -0.33391900	          1.00399452	
          2.14000000	          0.51445964	         -0.79047294	         -0.33239106	         -0.37410451	         -0.55568281	          0.74247049	         -0.77160683	         -0.25762210	         -0.58159587	         -2.23528671	         -0.33883766	          0.99384128	
