name C:\Users\u0101727\Documents\MyRepositories\upper-imu-dc\Results\main_tracking\Case_31\FLX01_orientations_groundFrame.mot
datacolumns 13
datarows 600
range 0.510000 6.500000
endheader 
time	radius_imu_[0][0]	radius_imu_[0][1]	radius_imu_[0][2]	radius_imu_[1][0]	radius_imu_[1][1]	radius_imu_[1][2]	radius_imu_[2][0]	radius_imu_[2][1]	radius_imu_[2][2]	radius_imu_x	radius_imu_y	radius_imu_z	
          0.51000000	          0.71932683	         -0.05927819	          0.69213800	         -0.13958891	          0.96369576	          0.22760806	         -0.68050264	         -0.26033937	          0.68493764	         -0.32082458	          0.76444704	          0.08222208	
          0.52000000	          0.71093166	         -0.06054023	          0.70065045	         -0.14146485	          0.96361217	          0.22680231	         -0.68888596	         -0.26035836	          0.67649809	         -0.32348297	          0.77630871	          0.08495123	
          0.53000000	          0.70154011	         -0.06210024	          0.70991904	         -0.14391016	          0.96332615	          0.22647869	         -0.69794795	         -0.26104845	          0.66687507	         -0.32739055	          0.78938324	          0.08828974	
          0.54000000	          0.69210994	         -0.06377852	          0.71896880	         -0.14656196	          0.96291989	          0.22650580	         -0.70675556	         -0.26214039	          0.65709892	         -0.33195060	          0.80231752	          0.09189134	
          0.55000000	          0.68337567	         -0.06554599	          0.72711857	         -0.14906928	          0.96245117	          0.22686139	         -0.71468597	         -0.26342260	          0.64794482	         -0.33678578	          0.81411536	          0.09562250	
          0.56000000	          0.67584239	         -0.06746661	          0.73395185	         -0.15113120	          0.96195721	          0.22759104	         -0.72138507	         -0.26473869	          0.63993515	         -0.34169670	          0.82412218	          0.09949633	
          0.57000000	          0.66982878	         -0.06963185	          0.73924341	         -0.15252312	          0.96145908	          0.22876436	         -0.72668157	         -0.26598466	          0.63339249	         -0.34659375	          0.83194619	          0.10358264	
          0.58000000	          0.66553616	         -0.07211311	          0.74287369	         -0.15309960	          0.96096597	          0.23044504	         -0.73049445	         -0.26710317	          0.62851711	         -0.35142904	          0.83735293	          0.10793233	
          0.59000000	          0.66310552	         -0.07494549	          0.74476456	         -0.15277660	          0.96047910	          0.23267834	         -0.73276898	         -0.26807289	          0.62544907	         -0.35615380	          0.84018196	          0.11254438	
          0.60000000	          0.66265503	         -0.07813428	          0.74483780	         -0.15150379	          0.95999488	          0.23549188	         -0.73344047	         -0.26889563	          0.62430780	         -0.36070222	          0.84029172	          0.11736902	
          0.61000000	          0.66430263	         -0.08166978	          0.74298860	         -0.14923738	          0.95950716	          0.23890209	         -0.73241396	         -0.26958496	          0.62521495	         -0.36499115	          0.83752459	          0.12232679	
          0.62000000	          0.66816619	         -0.08554133	          0.73907822	         -0.14592338	          0.95900827	          0.24291870	         -0.72956172	         -0.27015886	          0.62829443	         -0.36892934	          0.83170093	          0.12733139	
          0.63000000	          0.67432416	         -0.08974744	          0.73296133	         -0.14150024	          0.95848865	          0.24754230	         -0.72475141	         -0.27063796	          0.63363277	         -0.37243884	          0.82266498	          0.13231482	
          0.64000000	          0.68273607	         -0.09430172	          0.72455410	         -0.13592330	          0.95793515	          0.25275501	         -0.71791108	         -0.27104875	          0.64119908	         -0.37548875	          0.81038721	          0.13725480	
          0.65000000	          0.69315371	         -0.09923383	          0.71392617	         -0.12920351	          0.95732902	          0.25851036	         -0.70911521	         -0.27142918	          0.65075480	         -0.37813081	          0.79508935	          0.14219658	
          0.66000000	          0.70507269	         -0.10458398	          0.70138056	         -0.12144438	          0.95664467	          0.26473050	         -0.69865854	         -0.27183297	          0.66180290	         -0.38051854	          0.77733250	          0.14725706	
          0.67000000	          0.71776292	         -0.11039150	          0.68748099	         -0.11286003	          0.95585056	          0.27131589	         -0.68708006	         -0.27232961	          0.67361530	         -0.38289695	          0.75801458	          0.15260365	
          0.68000000	          0.73037787	         -0.11668028	          0.67300363	         -0.10376387	          0.95491211	          0.27816529	         -0.67511572	         -0.27299923	          0.68533947	         -0.38556467	          0.73826226	          0.15841472	
          0.69000000	          0.74209934	         -0.12344813	          0.65882405	         -0.09452999	          0.95379583	          0.28519747	         -0.66359072	         -0.27392349	          0.69614171	         -0.38882588	          0.71925454	          0.16484042	
          0.70000000	          0.75225869	         -0.13066575	          0.64578117	         -0.08554027	          0.95247328	          0.29236536	         -0.65329145	         -0.27517469	          0.70532912	         -0.39295134	          0.70204596	          0.17198197	
          0.71000000	          0.76039636	         -0.13828628	          0.63456622	         -0.07713496	          0.95092340	          0.29965793	         -0.64486245	         -0.27680604	          0.71241199	         -0.39815873	          0.68744713	          0.17989474	
          0.72000000	          0.76625839	         -0.14626019	          0.62566448	         -0.06957972	          0.94913293	          0.30709176	         -0.63875406	         -0.27884520	          0.71710432	         -0.40461059	          0.67598304	          0.18860711	
          0.73000000	          0.76975344	         -0.15454867	          0.61934994	         -0.06305397	          0.94709516	          0.31469819	         -0.63521952	         -0.28129249	          0.71928485	         -0.41242336	          0.66791445	          0.19814242	
          0.74000000	          0.77089776	         -0.16313112	          0.61571494	         -0.05765686	          0.94480794	          0.32251145	         -0.63434402	         -0.28412354	          0.71894470	         -0.42168080	          0.66329296	          0.20853548	
          0.75000000	          0.76976841	         -0.17200567	          0.61471184	         -0.05342342	          0.94227143	          0.33056088	         -0.63608375	         -0.28729533	          0.71614164	         -0.43244687	          0.66202058	          0.21983977	
          0.76000000	          0.76647441	         -0.18118410	          0.61618933	         -0.05034298	          0.93948622	          0.33886756	         -0.64029880	         -0.29075412	          0.71097080	         -0.44477462	          0.66389515	          0.23212537	
          0.77000000	          0.76114427	         -0.19068434	          0.61991845	         -0.04837492	          0.93645205	          0.34744414	         -0.64677606	         -0.29444362	          0.70355077	         -0.45871048	          0.66863878	          0.24547107	
          0.78000000	          0.75392264	         -0.20052379	          0.62561239	         -0.04746003	          0.93316693	          0.35629627	         -0.65524667	         -0.29831141	          0.69401881	         -0.47429524	          0.67591626	          0.25995556	
          0.79000000	          0.74497025	         -0.21071548	          0.63294416	         -0.04752730	          0.92962691	          0.36542435	         -0.66540250	         -0.30231240	          0.68252966	         -0.49156263	          0.68535018	          0.27565035	
          0.80000000	          0.73446265	         -0.22126741	          0.64156476	         -0.04849697	          0.92582632	          0.37482484	         -0.67691407	         -0.30640880	          0.66925406	         -0.51053674	          0.69653645	          0.29261634	
          0.81000000	          0.72258705	         -0.23218448	          0.65112082	         -0.05028069	          0.92175835	          0.38449110	         -0.68944892	         -0.31056709	          0.65437625	         -0.53122880	          0.70906026	          0.31090339	
          0.82000000	          0.70954069	         -0.24347008	          0.66126721	         -0.05278037	          0.91741579	          0.39441412	         -0.70268502	         -0.31475480	          0.63809340	         -0.55363186	          0.72250678	          0.33054828	
          0.83000000	          0.69553452	         -0.25512458	          0.67167193	         -0.05588800	          0.91279157	          0.40458383	         -0.71631576	         -0.31894042	          0.62061964	         -0.57771187	          0.73646326	          0.35156551	
          0.84000000	          0.68079707	         -0.26714153	          0.68201961	         -0.05948917	          0.90787850	          0.41499116	         -0.73005232	         -0.32309754	          0.60218900	         -0.60339859	          0.75052064	          0.37393341	
          0.85000000	          0.66556920	         -0.27950535	          0.69202197	         -0.06347188	          0.90266833	          0.42563036	         -0.74363228	         -0.32721039	          0.58304751	         -0.63058411	          0.76428629	          0.39758493	
          0.86000000	          0.65008750	         -0.29219251	          0.70143409	         -0.06773840	          0.89715029	          0.43650072	         -0.75683403	         -0.33127768	          0.56343353	         -0.65913233	          0.77740760	          0.42241012	
          0.87000000	          0.63456607	         -0.30517580	          0.71006593	         -0.07221283	          0.89131014	          0.44760646	         -0.76948763	         -0.33531174	          0.54355757	         -0.68889240	          0.78959184	          0.44826780	
          0.88000000	          0.61919315	         -0.31842843	          0.71777656	         -0.07683613	          0.88513075	          0.45895508	         -0.78147045	         -0.33933302	          0.52360008	         -0.71970010	          0.80060369	          0.47499318	
          0.89000000	          0.60415230	         -0.33192539	          0.72444843	         -0.08154392	          0.87859467	          0.47055499	         -0.79268568	         -0.34336124	          0.50373849	         -0.75135228	          0.81023391	          0.50238767	
          0.90000000	          0.58966218	         -0.34564233	          0.72995198	         -0.08623026	          0.87168854	          0.48241416	         -0.80303353	         -0.34740533	          0.48419694	         -0.78355381	          0.81825170	          0.53018837	
          0.91000000	          0.57601513	         -0.35955455	          0.73411654	         -0.09070735	          0.86440814	          0.49454094	         -0.81239076	         -0.35145282	          0.46529793	         -0.81585532	          0.82436470	          0.55803121	
          0.92000000	          0.56360415	         -0.37363429	          0.73671418	         -0.09467384	          0.85676272	          0.50694626	         -0.82060175	         -0.35546457	          0.44750163	         -0.84759951	          0.82819819	          0.58541638	
          0.93000000	          0.55292134	         -0.38784870	          0.73746280	         -0.09770261	          0.84877735	          0.51964527	         -0.82748546	         -0.35937500	          0.43141328	         -0.87790577	          0.82930595	          0.61170091	
          0.94000000	          0.54452409	         -0.40215746	          0.73604544	         -0.09925656	          0.84049236	          0.53265442	         -0.83285152	         -0.36310050	          0.41775157	         -0.90571294	          0.82720977	          0.63613179	
          0.95000000	          0.53895735	         -0.41651533	          0.73214749	         -0.09873668	          0.83195907	          0.54598093	         -0.83652617	         -0.36655025	          0.40726512	         -0.92990327	          0.82146940	          0.65794470	
          0.96000000	          0.53664080	         -0.43087924	          0.72550654	         -0.09556263	          0.82323208	          0.55960408	         -0.83838204	         -0.36963769	          0.40060397	         -0.94949834	          0.81177012	          0.67651846	
          0.97000000	          0.53774624	         -0.44521513	          0.71596960	         -0.08928086	          0.81435867	          0.57345347	         -0.83836622	         -0.37229483	          0.39816912	         -0.96388214	          0.79801197	          0.69153972	
          0.98000000	          0.54208587	         -0.45950529	          0.70356080	         -0.07968760	          0.80536755	          0.58739510	         -0.83653619	         -0.37448365	          0.39996149	         -0.97299965	          0.78039588	          0.70313484	
          0.99000000	          0.54905601	         -0.47374946	          0.68854843	         -0.06694239	          0.79625967	          0.60123977	         -0.83310036	         -0.37620739	          0.40547724	         -0.97745767	          0.75948551	          0.71190333	
          1.00000000	          0.55766244	         -0.48796221	          0.67149496	         -0.05163573	          0.78700425	          0.61478294	         -0.82846023	         -0.37751449	          0.41368642	         -0.97849188	          0.73622441	          0.71883770	
          1.01000000	          0.56664527	         -0.50216563	          0.65325555	         -0.03477377	          0.77754163	          0.62786925	         -0.82322775	         -0.37849530	          0.42312810	         -0.97779506	          0.71187632	          0.72514281	
          1.02000000	          0.57467034	         -0.51638128	          0.63490501	         -0.01766456	          0.76779496	          0.64045208	         -0.81819433	         -0.37926413	          0.43210734	         -0.97725888	          0.68788557	          0.73202424	
          1.03000000	          0.58055473	         -0.53062042	          0.61757443	         -0.00172531	          0.75768141	          0.65262233	         -0.81421940	         -0.37994848	          0.43896004	         -0.97869067	          0.66565500	          0.74049009	
          1.04000000	          0.58332588	         -0.54492856	          0.60231535	          0.01173095	          0.74712497	          0.66458006	         -0.81215350	         -0.38060101	          0.44220986	         -0.98367294	          0.64639845	          0.75137880	
          1.05000000	          0.58253907	         -0.55926348	          0.58980725	          0.02168094	          0.73607983	          0.67654742	         -0.81251349	         -0.38132773	          0.44092062	         -0.99321174	          0.63082013	          0.76501604	
          1.06000000	          0.57798427	         -0.57364824	          0.58039804	          0.02751301	          0.72452436	          0.68869985	         -0.81558397	         -0.38208919	          0.43454647	         -1.00791806	          0.61921739	          0.78163306	
          1.07000000	          0.56996539	         -0.58802730	          0.57390186	          0.02911594	          0.71247415	          0.70109403	         -0.82115267	         -0.38288965	          0.42320658	         -1.02770656	          0.61126256	          0.80099450	
          1.08000000	          0.55896417	         -0.60240503	          0.56979578	          0.02687270	          0.69996964	          0.71366684	         -0.82875625	         -0.38360224	          0.40744619	         -1.05203419	          0.60625733	          0.82278561	
          1.09000000	          0.54585207	         -0.61671360	          0.56719473	          0.02161188	          0.68707680	          0.72626331	         -0.83760280	         -0.38417419	          0.38837063	         -1.07973529	          0.60309567	          0.84627556	
          1.10000000	          0.53151050	         -0.63093483	          0.56517062	          0.01444522	          0.67387540	          0.73870378	         -0.84692852	         -0.38446480	          0.36728585	         -1.10938870	          0.60064006	          0.87072083	
          1.11000000	          0.51694430	         -0.64498705	          0.56281462	          0.00657498	          0.66045143	          0.75083998	         -0.85599378	         -0.38444196	          0.34565738	         -1.13935975	          0.59778699	          0.89515352	
          1.12000000	          0.50291674	         -0.65882572	          0.55948496	         -0.00094832	          0.64688018	          0.76259107	         -0.86433434	         -0.38405039	          0.32470209	         -1.16825846	          0.59376427	          0.91880379	
          1.13000000	          0.48993510	         -0.67240596	          0.55482775	         -0.00740450	          0.63321359	          0.77394168	         -0.87172747	         -0.38328941	          0.30525473	         -1.19511327	          0.58815591	          0.94111294	
          1.14000000	          0.47820672	         -0.68568880	          0.54877063	         -0.01249921	          0.61947057	          0.78492036	         -0.87815836	         -0.38221339	          0.28766442	         -1.21950844	          0.58089294	          0.96181025	
          1.15000000	          0.46757659	         -0.69868491	          0.54149010	         -0.01635298	          0.60563629	          0.79557355	         -0.88380128	         -0.38084655	          0.27175577	         -1.24163800	          0.57220854	          0.98102547	
          1.16000000	          0.45779687	         -0.71137485	          0.53326152	         -0.01937350	          0.59168130	          0.80593914	         -0.88884571	         -0.37928756	          0.25708803	         -1.26200814	          0.56245135	          0.99897711	
          1.17000000	          0.44858442	         -0.72372573	          0.52439783	         -0.02208896	          0.57758804	          0.81602949	         -0.89346746	         -0.37764152	          0.24311065	         -1.28124985	          0.55200775	          1.01592591	
          1.18000000	          0.43972698	         -0.73570582	          0.51514768	         -0.02494021	          0.56335346	          0.82583949	         -0.89778515	         -0.37599179	          0.22937306	         -1.29987960	          0.54117994	          1.03207412	
          1.19000000	          0.43115560	         -0.74729236	          0.50562731	         -0.02812045	          0.54898848	          0.83535675	         -0.90183928	         -0.37438721	          0.21568526	         -1.31811936	          0.53010891	          1.04749251	
          1.20000000	          0.42295600	         -0.75847160	          0.49581151	         -0.03150626	          0.53452253	          0.84456677	         -0.90560233	         -0.37283575	          0.20218290	         -1.33582589	          0.51876903	          1.06210450	
          1.21000000	          0.41532452	         -0.76923737	          0.48557121	         -0.03469650	          0.52000234	          0.85345985	         -0.90901138	         -0.37131043	          0.18927988	         -1.35254933	          0.50701647	          1.07572714	
          1.22000000	          0.40847994	         -0.77959128	          0.47474370	         -0.03715331	          0.50548279	          0.86203641	         -0.91201084	         -0.36976288	          0.17751518	         -1.36770982	          0.49467280	          1.08815963	
          1.23000000	          0.40256306	         -0.78954344	          0.46321068	         -0.03840148	          0.49101268	          0.87030562	         -0.91458641	         -0.36814087	          0.16734393	         -1.38083301	          0.48161456	          1.09928540	
          1.24000000	          0.39756489	         -0.79911201	          0.45095693	         -0.03821191	          0.47662127	          0.87827787	         -0.91677806	         -0.36640437	          0.15895229	         -1.39175258	          0.46783719	          1.10914403	
          1.25000000	          0.39331649	         -0.80832007	          0.43808766	         -0.03668952	          0.46231257	          0.88595766	         -0.91867079	         -0.36453498	          0.15217829	         -1.40068931	          0.45347023	          1.11793812	
          1.26000000	          0.38954522	         -0.81719027	          0.42479946	         -0.03422561	          0.44807078	          0.89334270	         -0.92037119	         -0.36253640	          0.14657500	         -1.40817055	          0.43874036	          1.12597121	
          1.27000000	          0.38596584	         -0.82573875	          0.41132212	         -0.03134860	          0.43387390	          0.90042807	         -0.92198028	         -0.36042885	          0.14157475	         -1.41484260	          0.42390409	          1.13355169	
          1.28000000	          0.38235820	         -0.83397080	          0.39786293	         -0.02856355	          0.41970737	          0.90720992	         -0.92357259	         -0.35824353	          0.13665738	         -1.42128561	          0.40918630	          1.14091358	
          1.29000000	          0.37859676	         -0.84188029	          0.38458038	         -0.02626610	          0.40557026	          0.91368641	         -0.92518895	         -0.35602014	          0.13143468	         -1.42792546	          0.39475320	          1.14818875	
          1.30000000	          0.37462889	         -0.84945353	          0.37159372	         -0.02476017	          0.39147188	          0.91985689	         -0.92684418	         -0.35380569	          0.12562407	         -1.43506686	          0.38072507	          1.15543236	
          1.31000000	          0.37042761	         -0.85667574	          0.35901263	         -0.02434125	          0.37742274	          0.92572111	         -0.92854235	         -0.35165147	          0.11895524	         -1.44299659	          0.36720978	          1.16267355	
          1.32000000	          0.36595287	         -0.86353723	          0.34696103	         -0.02537155	          0.36342634	          0.93127739	         -0.93028747	         -0.34960658	          0.11108764	         -1.45207209	          0.35432889	          1.16995647	
          1.33000000	          0.36114073	         -0.87003719	          0.33557811	         -0.02829155	          0.34947662	          0.93651785	         -0.93208206	         -0.34770876	          0.10159554	         -1.46273668	          0.34221886	          1.17735234	
          1.34000000	          0.35591975	         -0.87618453	          0.32499508	         -0.03355524	          0.33556176	          0.94142039	         -0.93391390	         -0.34597540	          0.09003247	         -1.47545158	          0.33100652	          1.18494325	
          1.35000000	          0.35024324	         -0.88199614	          0.31529745	         -0.04151103	          0.32167230	          0.94594068	         -0.93573848	         -0.34439764	          0.07605098	         -1.49057168	          0.32077008	          1.19278993	
          1.36000000	          0.34412173	         -0.88749346	          0.30648914	         -0.05227238	          0.30781059	          0.95001065	         -0.93746884	         -0.34294023	          0.05953292	         -1.50821263	          0.31150246	          1.20089847	
          1.37000000	          0.33764230	         -0.89269868	          0.29847403	         -0.06562762	          0.29399771	          0.95355040	         -0.93898386	         -0.34154709	          0.04068037	         -1.52816018	          0.30309340	          1.20919995	
          1.38000000	          0.33096171	         -0.89763331	          0.29106490	         -0.08102896	          0.28027509	          0.95649369	         -0.94015884	         -0.34014748	          0.02002603	         -1.54986247	          0.29533975	          1.21755612	
          1.39000000	          0.32427644	         -0.90231785	          0.28401988	         -0.09768350	          0.26669828	          0.95881696	         -0.94090527	         -0.33866581	         -0.00165760	         -1.57252512	          0.28798405	          1.22578829	
          1.40000000	          0.31761911	         -0.90682784	          0.27709452	         -0.11474220	          0.25332224	          0.96055300	         -0.94125041	         -0.33688442	         -0.02359144	         -1.59535165	          0.28076890	          1.23389620	
          1.41000000	          0.31293564	         -0.91053278	          0.27018760	         -0.13154357	          0.24018313	          0.96177355	         -0.94062085	         -0.33651466	         -0.04461287	         -1.61714915	          0.27358787	          1.23975919	
          1.42000000	          0.30043607	         -0.91692469	          0.26265431	         -0.14781145	          0.22729065	          0.96254389	         -0.94227912	         -0.32800622	         -0.06724566	         -1.64054543	          0.26577207	          1.25416385	
          1.43000000	          0.29652606	         -0.92021076	          0.25550823	         -0.16363621	          0.21462907	          0.96289021	         -0.94090142	         -0.32733244	         -0.08693668	         -1.66083941	          0.25837335	          1.25906539	
          1.44000000	          0.29075266	         -0.92404748	          0.24819174	         -0.17939514	          0.20214917	          0.96278403	         -0.93982992	         -0.32445641	         -0.10699422	         -1.68147224	          0.25081314	          1.26595284	
          1.45000000	          0.28382152	         -0.92816064	          0.24075542	         -0.19550483	          0.18979192	          0.96216261	         -0.93873490	         -0.32015130	         -0.12759285	         -1.70263757	          0.24314409	          1.27403682	
          1.46000000	          0.27710635	         -0.93206872	          0.23336659	         -0.21219375	          0.17751679	          0.96096909	         -0.93711573	         -0.31580957	         -0.14858813	         -1.72420466	          0.23553844	          1.28181615	
          1.47000000	          0.27089028	         -0.93569372	          0.22604364	         -0.22938124	          0.16531355	          0.95919533	         -0.93488112	         -0.31168686	         -0.16984875	         -1.74605386	          0.22801427	          1.28899333	
          1.48000000	          0.26474878	         -0.93920836	          0.21862236	         -0.24670629	          0.15319872	          0.95690447	         -0.93222534	         -0.30727480	         -0.19114943	         -1.76795929	          0.22040245	          1.29604049	
          1.49000000	          0.28113263	         -0.93503359	          0.21604776	         -0.26369111	          0.14119738	          0.95421711	         -0.92273043	         -0.32523144	         -0.20686485	         -1.78428289	          0.21776481	          1.27872881	
          1.50000000	          0.28308344	         -0.93572693	          0.21042550	         -0.27984647	          0.12926673	          0.95130230	         -0.91736019	         -0.32818476	         -0.22526661	         -1.80331164	          0.21201018	          1.27702204	
          1.51000000	          0.28406209	         -0.93679865	          0.20424743	         -0.29477058	          0.11737965	          0.94833134	         -0.91237001	         -0.32959111	         -0.24279757	         -1.82143852	          0.20569487	          1.27638216	
          1.52000000	          0.28463032	         -0.93807546	          0.19748420	         -0.30817228	          0.10553312	          0.94545894	         -0.90775296	         -0.32996543	         -0.25905093	         -1.83822787	          0.19879091	          1.27620541	
          1.53000000	          0.28509405	         -0.93945244	          0.19013284	         -0.31987830	          0.09373945	          0.94281005	         -0.90354815	         -0.32960890	         -0.27378589	         -1.85341666	          0.19129746	          1.27616064	
          1.54000000	          0.28563621	         -0.94085482	          0.18222007	         -0.32981730	          0.08201660	          0.94047532	         -0.89979581	         -0.32873314	         -0.28688329	         -1.86687122	          0.18324385	          1.27604718	
          1.55000000	          0.28637427	         -0.94222414	          0.17379139	         -0.33798006	          0.07038401	          0.93851775	         -0.89652622	         -0.32750536	         -0.29829681	         -1.87853706	          0.17467835	          1.27573397	
          1.56000000	          0.28738234	         -0.94351365	          0.16490418	         -0.34441078	          0.05885772	          0.93697224	         -0.89375198	         -0.32606406	         -0.30804160	         -1.88842776	          0.16566086	          1.27513626	
          1.57000000	          0.28869678	         -0.94468725	          0.15562833	         -0.34923255	          0.04744428	          0.93583421	         -0.89145432	         -0.32452280	         -0.31621852	         -1.89665137	          0.15626350	          1.27420953	
          1.58000000	          0.29032031	         -0.94571870	          0.14604883	         -0.35267010	          0.03613719	          0.93504968	         -0.88957176	         -0.32297097	         -0.32303535	         -1.90343339	          0.14657308	          1.27294477	
          1.59000000	          0.29223128	         -0.94659029	          0.13626338	         -0.35503859	          0.02491828	          0.93451949	         -0.88800252	         -0.32147458	         -0.32879419	         -1.90910259	          0.13668862	          1.27135893	
          1.60000000	          0.29439486	         -0.94729140	          0.12637509	         -0.35670338	          0.01376281	          0.93411631	         -0.88661963	         -0.32007747	         -0.33385035	         -1.91404563	          0.12671391	          1.26948340	
          1.61000000	          0.29677212	         -0.94781747	          0.11648330	         -0.35803086	          0.00264563	          0.93370601	         -0.88529103	         -0.31880252	         -0.33856275	         -1.91865260	          0.11674833	          1.26735487	
          1.62000000	          0.29932628	         -0.94816925	          0.10667168	         -0.35933100	         -0.00845228	          0.93317190	         -0.88390328	         -0.31765332	         -0.34323659	         -1.92325485	          0.10687502	          1.26500913	
          1.63000000	          0.30202684	         -0.94835241	          0.09699223	         -0.36078773	         -0.01953685	          0.93244331	         -0.88238994	         -0.31661651	         -0.34805456	         -1.92805079	          0.09714495	          1.26247705	
          1.64000000	          0.30484968	         -0.94837702	          0.08745113	         -0.36240458	         -0.03059603	          0.93151855	         -0.88075513	         -0.31566582	         -0.35302336	         -1.93304842	          0.08756298	          1.25978446	
          1.65000000	          0.30777266	         -0.94825665	          0.07800843	         -0.36401312	         -0.04160185	          0.93046426	         -0.87907363	         -0.31476755	         -0.35798177	         -1.93807399	          0.07808777	          1.25695626	
          1.66000000	          0.31076924	         -0.94800673	          0.06859825	         -0.36536575	         -0.05252127	          0.92938118	         -0.87745675	         -0.31388654	         -0.36269119	         -1.94286955	          0.06865216	          1.25402198	
          1.67000000	          0.31380615	         -0.94764199	          0.05916390	         -0.36628099	         -0.06333260	          0.92834650	         -0.87599312	         -0.31299145	         -0.36697740	         -1.94724632	          0.05919847	          1.25101728	
          1.68000000	          0.31684944	         -0.94717329	          0.04969083	         -0.36676571	         -0.07403936	          0.92736244	         -0.87469386	         -0.31205917	         -0.37085001	         -1.95121443	          0.04971130	          1.24797717	
          1.69000000	          0.31987629	         -0.94660538	          0.04021710	         -0.36703993	         -0.08467364	          0.92634338	         -0.87347630	         -0.31107657	         -0.37452706	         -1.95501006	          0.04022795	          1.24492403	
          1.70000000	          0.32288568	         -0.94593619	          0.03081480	         -0.36744729	         -0.09528671	          0.92515022	         -0.87219684	         -0.31004058	         -0.37834840	         -1.95900194	          0.03081968	          1.24185733	
          1.71000000	          0.32590083	         -0.94515818	          0.02155592	         -0.36831199	         -0.10593265	          0.92364742	         -0.87070944	         -0.30895676	         -0.38263664	         -1.96354101	          0.02155759	          1.23875179	
          1.72000000	          0.32896226	         -0.94426051	          0.01248681	         -0.36983657	         -0.11665491	          0.92174429	         -0.86891009	         -0.30783717	         -0.38759713	         -1.96885264	          0.01248714	          1.23556470	
          1.73000000	          0.33211764	         -0.94323100	          0.00362719	         -0.37209663	         -0.12748205	          0.91939786	         -0.86674216	         -0.30669791	         -0.39331211	         -1.97503042	          0.00362720	          1.23224625	
          1.74000000	          0.33541573	         -0.94205691	         -0.00500772	         -0.37512069	         -0.13843258	          0.91658109	         -0.86416478	         -0.30555721	         -0.39981750	         -1.98211952	         -0.00500775	          1.22874538	
          1.75000000	          0.33890766	         -0.94072453	         -0.01337753	         -0.37899341	         -0.14952375	          0.91323964	         -0.86110719	         -0.30443391	         -0.40720314	         -1.99022595	         -0.01337793	          1.22500849	
          1.76000000	          0.34265190	         -0.93921865	         -0.02140098	         -0.38390467	         -0.16077713	          0.90926779	         -0.85744206	         -0.30334640	         -0.41566101	         -1.99957048	         -0.02140261	          1.22097454	
          1.77000000	          0.34671551	         -0.93752288	         -0.02896893	         -0.39009912	         -0.17221608	          0.90452435	         -0.85300119	         -0.30231187	         -0.42543684	         -2.01043825	         -0.02897298	          1.21657399	
          1.78000000	          0.35116685	         -0.93562130	         -0.03598085	         -0.39775307	         -0.18385670	          0.89888220	         -0.84762865	         -0.30134614	         -0.43671063	         -2.02304983	         -0.03598862	          1.21173627	
          1.79000000	          0.35606233	         -0.93350052	         -0.04238401	         -0.40685732	         -0.19569897	          0.89228304	         -0.84124119	         -0.30046413	         -0.44948255	         -2.03743494	         -0.04239671	          1.20640294	
          1.80000000	          0.36143451	         -0.93115106	         -0.04819545	         -0.41717160	         -0.20772368	          0.88477044	         -0.83386627	         -0.29968079	         -0.46352828	         -2.05337799	         -0.04821413	          1.20053935	
          1.81000000	          0.36728764	         -0.92856748	         -0.05349972	         -0.42826517	         -0.21989621	          0.87648993	         -0.82564443	         -0.29901185	         -0.47843827	         -2.07045327	         -0.05352528	          1.19413877	
          1.82000000	          0.37360113	         -0.92574748	         -0.05842764	         -0.43961180	         -0.23217441	          0.86766152	         -0.81680087	         -0.29847385	         -0.49371014	         -2.08811910	         -0.05846093	          1.18721874	
          1.83000000	          0.38033666	         -0.92269095	         -0.06313036	         -0.45068479	         -0.24451530	          0.85854265	         -0.80760587	         -0.29808335	         -0.50884091	         -2.10581596	         -0.06317236	          1.17981395	
          1.84000000	          0.38744385	         -0.91939964	         -0.06776106	         -0.46101453	         -0.25687789	          0.84939941	         -0.79834383	         -0.29785574	         -0.52338235	         -2.12302752	         -0.06781302	          1.17197070	
          1.85000000	          0.39486396	         -0.91587741	         -0.07246390	         -0.47021473	         -0.26922353	          0.84048605	         -0.78929118	         -0.29780405	         -0.53696572	         -2.13931118	         -0.07252747	          1.16374340	
          1.86000000	          0.40253446	         -0.91213003	         -0.07736159	         -0.47800650	         -0.28151743	          0.83202026	         -0.78068930	         -0.29793749	         -0.54932455	         -2.15432937	         -0.07743897	          1.15519030	
          1.87000000	          0.41039591	         -0.90816442	         -0.08253834	         -0.48424722	         -0.29373226	          0.82415168	         -0.77270940	         -0.29825952	         -0.56032262	         -2.16788958	         -0.08263234	          1.14636677	
          1.88000000	          0.41839866	         -0.90398780	         -0.08802624	         -0.48894415	         -0.30585104	          0.81693865	         -0.76542549	         -0.29876612	         -0.56996721	         -2.17996804	         -0.08814032	          1.13731889	
          1.89000000	          0.42650556	         -0.89960739	         -0.09380591	         -0.49223074	         -0.31786635	          0.81035170	         -0.75881613	         -0.29944535	         -0.57838617	         -2.19068907	         -0.09394403	          1.12808103	
          1.90000000	          0.43468867	         -0.89503119	         -0.09982450	         -0.49430762	         -0.32977551	          0.80430597	         -0.75279860	         -0.30027868	         -0.58577042	         -2.20025961	         -0.09999104	          1.11867932	
          1.91000000	          0.44292272	         -0.89026903	         -0.10602133	         -0.49537773	         -0.34157503	          0.79870358	         -0.74727529	         -0.30124336	         -0.59231079	         -2.20889344	         -0.10622096	          1.10913822	
          1.92000000	          0.45117983	         -0.88533318	         -0.11234731	         -0.49560577	         -0.35325773	          0.79346323	         -0.74216689	         -0.30231463	         -0.59815899	         -2.21676230	         -0.11258501	          1.09948566	
          1.93000000	          0.45942685	         -0.88023826	         -0.11877528	         -0.49510324	         -0.36481256	          0.78853318	         -0.73742779	         -0.30346729	         -0.60341350	         -2.22397700	         -0.11905634	          1.08975537	
          1.94000000	          0.46762310	         -0.87500092	         -0.12530772	         -0.49392047	         -0.37622497	          0.78389881	         -0.73305607	         -0.30467714	         -0.60811236	         -2.23057707	         -0.12563799	          1.07998882	
