name C:\Users\u0101727\Documents\MyRepositories\upper-imu-dc\Results\main_tracking\Case_31\FLX01_orientations_groundFrame.mot
datacolumns 13
datarows 600
range 0.510000 6.500000
endheader 
time	radius_imu_[0][0]	radius_imu_[0][1]	radius_imu_[0][2]	radius_imu_[1][0]	radius_imu_[1][1]	radius_imu_[1][2]	radius_imu_[2][0]	radius_imu_[2][1]	radius_imu_[2][2]	radius_imu_x	radius_imu_y	radius_imu_z	
          0.51000000	          0.67929330	         -0.02890856	          0.73329729	         -0.13696257	          0.97667346	          0.16537901	         -0.72097286	         -0.21277513	          0.65948834	         -0.24570197	          0.82315896	          0.04253115	
          0.52000000	          0.68190928	         -0.03128363	          0.73076745	         -0.13564724	          0.97634512	          0.16837468	         -0.71874860	         -0.21394285	          0.66153526	         -0.24922927	          0.81944553	          0.04584439	
          0.53000000	          0.68631804	         -0.03308241	          0.72654877	         -0.13457496	          0.97593868	          0.17156127	         -0.71474270	         -0.21552087	          0.66535225	         -0.25235341	          0.81328573	          0.04816546	
          0.54000000	          0.69017555	         -0.03523117	          0.72278383	         -0.13343862	          0.97548987	          0.17496756	         -0.71123262	         -0.21720561	          0.66855806	         -0.25596803	          0.80782215	          0.05100241	
          0.55000000	          0.69333621	         -0.03780062	          0.71962214	         -0.13214493	          0.97501961	          0.17853426	         -0.70839440	         -0.21887868	          0.67102124	         -0.26003919	          0.80325798	          0.05446597	
          0.56000000	          0.69594459	         -0.04065781	          0.71694356	         -0.13073072	          0.97453806	          0.18216765	         -0.70609532	         -0.22050514	          0.67290926	         -0.26437954	          0.79940807	          0.05835472	
          0.57000000	          0.69780991	         -0.04372584	          0.71494712	         -0.12930409	          0.97404691	          0.18577694	         -0.70451528	         -0.22208258	          0.67404565	         -0.26893768	          0.79654847	          0.06257971	
          0.58000000	          0.69855729	         -0.04697707	          0.71401041	         -0.12800990	          0.97354099	          0.18929184	         -0.70401078	         -0.22363160	          0.67406062	         -0.27377187	          0.79520967	          0.06714760	
          0.59000000	          0.69782312	         -0.05040626	          0.71449430	         -0.12699401	          0.97301022	          0.19267496	         -0.70492228	         -0.22518953	          0.67258773	         -0.27899648	          0.79590104	          0.07210833	
          0.60000000	          0.69537360	         -0.05402435	          0.71661491	         -0.12636637	          0.97244148	          0.19593140	         -0.70745113	         -0.22680155	          0.66938327	         -0.28475017	          0.79893674	          0.07753537	
          0.61000000	          0.69116216	         -0.05786159	          0.72037969	         -0.12617225	          0.97182035	          0.19911245	         -0.71160061	         -0.22851092	          0.66438493	         -0.29117641	          0.80434960	          0.08352163	
          0.62000000	          0.68535520	         -0.06196310	          0.72556793	         -0.12638107	          0.97113239	          0.20231090	         -0.71715833	         -0.23035288	          0.65773967	         -0.29840096	          0.81185934	          0.09016506	
          0.63000000	          0.67831742	         -0.06637689	          0.73176471	         -0.12689734	          0.97036370	          0.20564862	         -0.72372823	         -0.23235403	          0.64979155	         -0.30651027	          0.82090759	          0.09754465	
          0.64000000	          0.67053985	         -0.07114449	          0.73845431	         -0.12758926	          0.96950069	          0.20925914	         -0.73081960	         -0.23453543	          0.64101157	         -0.31554409	          0.83077520	          0.10570485	
          0.65000000	          0.66253392	         -0.07629820	          0.74513582	         -0.12832237	          0.96852948	          0.21326982	         -0.73795811	         -0.23691609	          0.63189286	         -0.32550435	          0.84073848	          0.11465612	
          0.66000000	          0.65474473	         -0.08186231	          0.75140395	         -0.12898239	          0.96743566	          0.21778840	         -0.74476364	         -0.23951368	          0.62286461	         -0.33636840	          0.85018722	          0.12438390	
          0.67000000	          0.64752362	         -0.08785301	          0.75696434	         -0.12947911	          0.96620508	          0.22289664	         -0.75096493	         -0.24234191	          0.61426548	         -0.34809128	          0.85865498	          0.13485196	
          0.68000000	          0.64115207	         -0.09427697	          0.76160087	         -0.12973469	          0.96482528	          0.22865056	         -0.75636825	         -0.24540584	          0.60636873	         -0.36059449	          0.86577984	          0.14599683	
          0.69000000	          0.63588249	         -0.10112908	          0.76513160	         -0.12966788	          0.96328706	          0.23508357	         -0.76081515	         -0.24869852	          0.59942418	         -0.37374890	          0.87124570	          0.15771652	
          0.70000000	          0.63195857	         -0.10839178	          0.76738490	         -0.12918545	          0.96158503	          0.24220931	         -0.76415933	         -0.25220122	          0.59367926	         -0.38736677	          0.87475261	          0.16986440	
          0.71000000	          0.62959554	         -0.11603832	          0.76820867	         -0.12818644	          0.95971710	          0.25002266	         -0.76627521	         -0.25588709	          0.58935907	         -0.40121663	          0.87603836	          0.18226078	
          0.72000000	          0.62892957	         -0.12403982	          0.76750356	         -0.12657762	          0.95768271	          0.25849939	         -0.76708911	         -0.25972669	          0.58661431	         -0.41506244	          0.87493769	          0.19472463	
          0.73000000	          0.62996551	         -0.13237303	          0.76525867	         -0.12429342	          0.95548068	          0.26759637	         -0.76661242	         -0.26369310	          0.58546678	         -0.42871362	          0.87144307	          0.20711423	
          0.74000000	          0.63254776	         -0.14102645	          0.76157394	         -0.12131249	          0.95310734	          0.27725383	         -0.76496184	         -0.26776472	          0.58577764	         -0.44206773	          0.86573829	          0.21936226	
          0.75000000	          0.63636312	         -0.15000421	          0.75666420	         -0.11766610	          0.95055543	          0.28740052	         -0.76236256	         -0.27192481	          0.58724801	         -0.45513355	          0.85819580	          0.23149521	
          0.76000000	          0.64097434	         -0.15932587	          0.75084430	         -0.11343758	          0.94781406	          0.29796043	         -0.75913359	         -0.27615895	          0.58945095	         -0.46802842	          0.84933946	          0.24363069	
          0.77000000	          0.64587756	         -0.16902101	          0.74449585	         -0.10875463	          0.94486929	          0.30885993	         -0.75565509	         -0.28045307	          0.59188805	         -0.48095204	          0.83977939	          0.25595230	
          0.78000000	          0.65056937	         -0.17912003	          0.73802135	         -0.10377637	          0.94170518	          0.32003408	         -0.75232305	         -0.28479354	          0.59405612	         -0.49414715	          0.83013334	          0.26867122	
          0.79000000	          0.65460823	         -0.18964400	          0.73179452	         -0.09867839	          0.93830480	          0.33143124	         -0.74950026	         -0.28916993	          0.59550828	         -0.50785951	          0.82095133	          0.28198631	
          0.80000000	          0.65765089	         -0.20059885	          0.72612355	         -0.09363894	          0.93465081	          0.34301547	         -0.74748047	         -0.29357787	          0.59589007	         -0.52231173	          0.81266709	          0.29605894	
          0.81000000	          0.65946211	         -0.21197439	          0.72123269	         -0.08882916	          0.93072546	          0.35476681	         -0.74647110	         -0.29802176	          0.59494867	         -0.53769313	          0.80558023	          0.31100436	
          0.82000000	          0.65989768	         -0.22374988	          0.71726637	         -0.08440771	          0.92651029	          0.36667971	         -0.74659921	         -0.30251391	          0.59251578	         -0.55416623	          0.79987122	          0.32690243	
          0.83000000	          0.65888095	         -0.23590082	          0.71430155	         -0.08051774	          0.92198579	          0.37875994	         -0.74792566	         -0.30707165	          0.58848467	         -0.57187639	          0.79562558	          0.34381276	
          0.84000000	          0.65638118	         -0.24840453	          0.71236153	         -0.07728409	          0.91713175	          0.39101985	         -0.75046047	         -0.31171228	          0.58279030	         -0.59095823	          0.79285738	          0.36178799	
          0.85000000	          0.65240666	         -0.26123967	          0.71142068	         -0.07480981	          0.91192862	          0.40347203	         -0.75416778	         -0.31644908	          0.57540502	         -0.61152858	          0.79151770	          0.38087234	
          0.86000000	          0.64700784	         -0.27438032	          0.71140445	         -0.07317239	          0.90636024	          0.41612128	         -0.75896420	         -0.32128890	          0.56634512	         -0.63366854	          0.79149460	          0.40108752	
          0.87000000	          0.64027858	         -0.28778882	          0.71219445	         -0.07242112	          0.90041779	          0.42895569	         -0.76472121	         -0.32622906	          0.55567623	         -0.65740335	          0.79261935	          0.42241674	
          0.88000000	          0.63238960	         -0.30139502	          0.71361365	         -0.07257471	          0.89410424	          0.44193950	         -0.77124335	         -0.33126825	          0.54354856	         -0.68265589	          0.79464313	          0.44475059	
          0.89000000	          0.62366538	         -0.31508535	          0.71537593	         -0.07360296	          0.88742787	          0.45503228	         -0.77821854	         -0.33644166	          0.53026683	         -0.70918897	          0.79716196	          0.46781121	
          0.90000000	          0.61429917	         -0.32887241	          0.71727224	         -0.07539886	          0.88038202	          0.46823339	         -0.78546263	         -0.34171690	          0.51602134	         -0.73688384	          0.79987965	          0.49153538	
          0.91000000	          0.60446026	         -0.34280016	          0.71910767	         -0.07779964	          0.87296421	          0.48153993	         -0.79282722	         -0.34701807	          0.50100245	         -0.76559244	          0.80251735	          0.51589040	
          0.92000000	          0.59440060	         -0.35688931	          0.72063719	         -0.08058001	          0.86518333	          0.49493905	         -0.80012174	         -0.35226101	          0.48550735	         -0.79501767	          0.80472093	          0.54072740	
          0.93000000	          0.58445960	         -0.37114400	          0.72156712	         -0.08343314	          0.85706029	          0.50841575	         -0.80712198	         -0.35735107	          0.46995140	         -0.82469276	          0.80606315	          0.56577286	
          0.94000000	          0.57511573	         -0.38553319	          0.72153036	         -0.08595795	          0.84862775	          0.52195993	         -0.81354356	         -0.36220864	          0.45491952	         -0.85391783	          0.80601006	          0.59055350	
          0.95000000	          0.56695828	         -0.39999570	          0.72011232	         -0.08766585	          0.83992825	          0.53557002	         -0.81906838	         -0.36677511	          0.44113831	         -0.88178222	          0.80396418	          0.61441553	
          0.96000000	          0.56064528	         -0.41443898	          0.71688018	         -0.08801101	          0.83101075	          0.54924967	         -0.82336561	         -0.37102759	          0.42942706	         -0.90722514	          0.79931716	          0.63656472	
          0.97000000	          0.55676322	         -0.42877108	          0.71145631	         -0.08645016	          0.82192353	          0.56299918	         -0.82616045	         -0.37496275	          0.42054946	         -0.92923044	          0.79156839	          0.65625021	
          0.98000000	          0.55570300	         -0.44292065	          0.70357336	         -0.08252098	          0.81270621	          0.57680058	         -0.82727533	         -0.37858938	          0.41507303	         -0.94702839	          0.78041355	          0.67293691	
          0.99000000	          0.55751044	         -0.45687574	          0.69314261	         -0.07592399	          0.80338095	          0.59060528	         -0.82669079	         -0.38189476	          0.41320543	         -0.96031843	          0.76583985	          0.68651425	
          1.00000000	          0.56182498	         -0.47069904	          0.68029046	         -0.06658593	          0.79394704	          0.60432973	         -0.82457202	         -0.38482531	          0.41471734	         -0.96936271	          0.74815885	          0.69737073	
          1.01000000	          0.56793704	         -0.48451144	          0.66535418	         -0.05468634	          0.78437979	          0.61786548	         -0.82125326	         -0.38729448	          0.41898217	         -0.97491163	          0.72796815	          0.70629546	
          1.02000000	          0.57500475	         -0.49842182	          0.64880292	         -0.04063442	          0.77463555	          0.63110111	         -0.81714037	         -0.38924986	          0.42516604	         -0.97794767	          0.70601026	          0.71417449	
          1.03000000	          0.58220884	         -0.51249361	          0.63117602	         -0.02501001	          0.76466031	          0.64394806	         -0.81265452	         -0.39069798	          0.43237452	         -0.97949421	          0.68306847	          0.72179986	
          1.04000000	          0.58885353	         -0.52673600	          0.61302587	         -0.00848684	          0.75439886	          0.65636144	         -0.80819521	         -0.39170340	          0.43976010	         -0.98049175	          0.65988483	          0.72977425	
          1.05000000	          0.59439892	         -0.54111796	          0.59487921	          0.00823796	          0.74380125	          0.66835009	         -0.80412813	         -0.39236598	          0.44657237	         -0.98175275	          0.63711537	          0.73851034	
          1.06000000	          0.59845570	         -0.55558946	          0.57720977	          0.02450095	          0.73282637	          0.67997442	         -0.80078117	         -0.39279238	          0.45217659	         -0.98395498	          0.61530765	          0.74827090	
          1.07000000	          0.60079398	         -0.57008806	          0.56039825	          0.03972236	          0.72144391	          0.69133264	         -0.79841639	         -0.39308815	          0.45608440	         -0.98761997	          0.59486657	          0.75917957	
          1.08000000	          0.60131743	         -0.58455586	          0.54471258	          0.05344896	          0.70963540	          0.70253883	         -0.79722052	         -0.39333452	          0.45796004	         -0.99311158	          0.57604635	          0.77126474	
          1.09000000	          0.60004465	         -0.59894647	          0.53029195	          0.06538572	          0.69739536	          0.71369770	         -0.79728987	         -0.39357697	          0.45763090	         -1.00062442	          0.55894488	          0.78448225	
          1.10000000	          0.59709359	         -0.61322176	          0.51714438	          0.07540290	          0.68473163	          0.72488412	         -0.79861984	         -0.39382948	          0.45508757	         -1.01018080	          0.54351118	          0.79872297	
          1.11000000	          0.59264940	         -0.62734911	          0.50517303	          0.08351282	          0.67166491	          0.73613304	         -0.80111941	         -0.39408038	          0.45045350	         -1.02165921	          0.52958245	          0.81383292	
          1.12000000	          0.58694798	         -0.64128844	          0.49420765	          0.08982449	          0.65822722	          0.74744129	         -0.80462639	         -0.39431721	          0.44394854	         -1.03483151	          0.51692316	          0.82961201	
          1.13000000	          0.58024449	         -0.65498890	          0.48405151	          0.09448773	          0.64445931	          0.75877814	         -0.80894277	         -0.39453991	          0.43583238	         -1.04942278	          0.50527891	          0.84583483	
          1.14000000	          0.57278455	         -0.66839070	          0.47452263	          0.09764384	          0.63040717	          0.77009901	         -0.81386949	         -0.39476660	          0.42635172	         -1.06516864	          0.49442164	          0.86227509	
          1.15000000	          0.56478987	         -0.68142851	          0.46547565	          0.09939595	          0.61611819	          0.78135704	         -0.81922698	         -0.39503615	          0.41570855	         -1.08185110	          0.48417196	          0.87872036	
          1.16000000	          0.55643142	         -0.69404830	          0.45681620	          0.09980372	          0.60163720	          0.79250987	         -0.82487774	         -0.39538544	          0.40403844	         -1.09932255	          0.47441282	          0.89500834	
          1.17000000	          0.54781436	         -0.70622381	          0.44849454	          0.09890288	          0.58700263	          0.80352108	         -0.83073320	         -0.39582299	          0.39141604	         -1.11750083	          0.46508026	          0.91105213	
          1.18000000	          0.53896650	         -0.71797261	          0.44048886	          0.09673806	          0.57224262	          0.81435873	         -0.83675376	         -0.39630003	          0.37787488	         -1.13634862	          0.45614314	          0.92686121	
          1.19000000	          0.52983138	         -0.72936707	          0.43278445	          0.09339505	          0.55737110	          0.82499383	         -0.84294488	         -0.39668770	          0.36343197	         -1.15584810	          0.44757919	          0.94255391	
          1.20000000	          0.52025849	         -0.74054145	          0.42535805	          0.08902082	          0.54238455	          0.83540068	         -0.84935646	         -0.39675857	          0.34810378	         -1.17598464	          0.43935747	          0.95836905	
          1.21000000	          0.51016909	         -0.75161205	          0.41809907	          0.08383022	          0.52725990	          0.84555869	         -0.85597897	         -0.39632857	          0.33199951	         -1.19665151	          0.43135170	          0.97446362	
          1.22000000	          0.50123558	         -0.76190772	          0.41019448	          0.07811897	          0.51195059	          0.85545545	         -0.86177742	         -0.39674074	          0.31612730	         -1.21681872	          0.42266730	          0.98890907	
          1.23000000	          0.50161736	         -0.76774573	          0.39868097	          0.07228305	          0.49644025	          0.86505621	         -0.86206449	         -0.40510933	          0.30451805	         -1.23232210	          0.41007812	          0.99205995	
          1.24000000	          0.41232904	         -0.81109376	          0.41486345	          0.06636320	          0.48090687	          0.87425655	         -0.90861471	         -0.33294970	          0.25211864	         -1.29003331	          0.42779272	          1.10048172	
          1.25000000	          0.46783406	         -0.79445065	          0.38727181	          0.05962174	          0.46555185	          0.88301003	         -0.88180300	         -0.39001235	          0.26516755	         -1.27906471	          0.39767064	          1.03859533	
          1.26000000	          0.45592131	         -0.80513836	          0.37932569	          0.05324780	          0.45011088	          0.89138368	         -0.88842582	         -0.38620256	          0.24808699	         -1.29934921	          0.38906741	          1.05555175	
          1.27000000	          0.44350392	         -0.81578090	          0.37122204	          0.04691442	          0.43474647	          0.89933005	         -0.89504375	         -0.38144073	          0.23108365	         -1.31928643	          0.38032476	          1.07283704	
          1.28000000	          0.43645392	         -0.82385375	          0.36162546	          0.04080416	          0.41963935	          0.90677331	         -0.89880087	         -0.38100894	          0.21676990	         -1.33614382	          0.37001076	          1.08361646	
          1.29000000	          0.44606317	         -0.82444347	          0.34831110	          0.03523772	          0.40504975	          0.91361535	         -0.89430753	         -0.39525646	          0.20972929	         -1.34514614	          0.35576878	          1.07485233	
          1.30000000	          0.35124396	         -0.86555161	          0.35699872	          0.02998552	          0.39149678	          0.91969079	         -0.93580369	         -0.31233105	          0.16346489	         -1.39489432	          0.36505291	          1.18529688	
          1.31000000	          0.37645779	         -0.86045130	          0.34337020	          0.02347440	          0.37937701	          0.92494434	         -0.92613632	         -0.34014209	          0.16301801	         -1.39634166	          0.35050292	          1.15837580	
          1.32000000	          0.39963808	         -0.85490381	          0.33080036	          0.01665622	          0.36758328	          0.92984144	         -0.91652167	         -0.36609017	          0.16113974	         -1.39920248	          0.33715156	          1.13351335	
          1.33000000	          0.42010837	         -0.84960483	          0.31887393	          0.00843156	          0.35502557	          0.93481857	         -0.90743477	         -0.39003650	          0.15631271	         -1.40511728	          0.32454116	          1.11157846	
          1.34000000	          0.36692256	         -0.87415103	          0.31816318	         -0.00134544	          0.34151942	          0.93987376	         -0.93025052	         -0.34528896	          0.12413506	         -1.43948006	          0.32379136	          1.17338314	
          1.35000000	          0.42175896	         -0.85501445	          0.30177751	         -0.01228864	          0.32740688	          0.94480354	         -0.90662471	         -0.40218779	          0.12757982	         -1.43657502	          0.30655654	          1.11254158	
          1.36000000	          0.32799020	         -0.89470726	          0.30318534	         -0.02348681	          0.31311697	          0.94942411	         -0.94438911	         -0.31852266	          0.08168548	         -1.48497081	          0.30803356	          1.21941964	
          1.37000000	          0.32651601	         -0.89831005	          0.29398359	         -0.03531091	          0.29922043	          0.95353043	         -0.94453186	         -0.32172378	          0.06598011	         -1.50171084	          0.29839194	          1.22216513	
          1.38000000	          0.32842504	         -0.90050864	          0.28499332	         -0.04714451	          0.28572546	          0.95715117	         -0.94335274	         -0.32778828	          0.05138535	         -1.51716209	          0.28899945	          1.22107688	
          1.39000000	          0.37599341	         -0.88517698	          0.27402677	         -0.05805337	          0.27264296	          0.96036224	         -0.92480201	         -0.37699805	          0.05112445	         -1.51761198	          0.27757759	          1.16912359	
          1.40000000	          0.33687454	         -0.90283518	          0.26721562	         -0.06723109	          0.26001430	          0.96326141	         -0.93914617	         -0.34246344	          0.02689360	         -1.54288426	          0.27050242	          1.21366646	
          1.41000000	          0.38023074	         -0.88838199	          0.25729754	         -0.07482469	          0.24773343	          0.96593448	         -0.92185999	         -0.38653019	          0.02772296	         -1.54210354	          0.26022454	          1.16638431	
          1.42000000	          0.32828717	         -0.91114341	          0.24908879	         -0.08062302	          0.23571283	          0.96847271	         -0.94113095	         -0.33801945	          0.00392237	         -1.56674630	          0.25173927	          1.22497306	
          1.43000000	          0.31944663	         -0.91690060	          0.23926375	         -0.08498119	          0.22375617	          0.97093325	         -0.94378602	         -0.33049427	         -0.00644115	         -1.57743021	          0.24160750	          1.23554911	
          1.44000000	          0.31079752	         -0.92249795	          0.22891576	         -0.08842687	          0.21173499	          0.97331854	         -0.94635384	         -0.32274730	         -0.01576690	         -1.58699403	          0.23096372	          1.24583146	
          1.45000000	          0.30343180	         -0.92751427	          0.21828060	         -0.09150860	          0.19965661	          0.97558363	         -0.94844890	         -0.31599765	         -0.02429336	         -1.59569255	          0.22005223	          1.25462543	
          1.46000000	          0.29784585	         -0.93176553	          0.20760742	         -0.09474760	          0.18754972	          0.97767479	         -0.94990038	         -0.31086669	         -0.03242164	         -1.60394617	          0.20912845	          1.26140409	
          1.47000000	          0.29418551	         -0.93520404	          0.19709969	         -0.09858385	          0.17543303	          0.97954299	         -0.95065036	         -0.30759820	         -0.04058616	         -1.61220641	          0.19839869	          1.26602832	
          1.48000000	          0.29226095	         -0.93789809	          0.18689758	         -0.10328204	          0.16333252	          0.98114999	         -0.95074516	         -0.30605500	         -0.04913231	         -1.62083078	          0.18800313	          1.26872002	
          1.49000000	          0.39057318	         -0.90233728	          0.18231844	         -0.10898383	          0.15133340	          0.98245648	         -0.91409798	         -0.40359091	         -0.03923341	         -1.61070911	          0.18334390	          1.16229877	
          1.50000000	          0.28600411	         -0.94351027	          0.16730219	         -0.11556399	          0.13935816	          0.98347561	         -0.95123426	         -0.30061217	         -0.06917881	         -1.64102181	          0.16809266	          1.27647255	
          1.51000000	          0.28435557	         -0.94557742	          0.15819370	         -0.12371268	          0.12743561	          0.98410128	         -0.95070347	         -0.29940525	         -0.08074289	         -1.65266030	          0.15886105	          1.27867763	
          1.52000000	          0.27928527	         -0.94856439	          0.14908166	         -0.13347691	          0.11540015	          0.98431028	         -0.95088572	         -0.29480232	         -0.09438189	         -1.66639039	          0.14963948	          1.28445796	
          1.53000000	          0.27729158	         -0.95046484	          0.14044914	         -0.14479888	          0.10317051	          0.98406765	         -0.94981191	         -0.29321055	         -0.10901793	         -1.68112939	          0.14091503	          1.28693176	
          1.54000000	          0.27538435	         -0.95220214	          0.13219131	         -0.15760364	          0.09092931	          0.98330715	         -0.94832724	         -0.29162123	         -0.12503001	         -1.69727019	          0.13257937	          1.28926974	
          1.55000000	          0.27425807	         -0.95358899	          0.12430021	         -0.17143268	          0.07870463	          0.98204706	         -0.94625227	         -0.29064345	         -0.14189094	         -1.71428818	          0.12462255	          1.29074845	
          1.56000000	          0.27405964	         -0.95460405	          0.11671516	         -0.18565975	          0.06656234	          0.98035703	         -0.94362162	         -0.29034560	         -0.15898950	         -1.73157168	          0.11698178	          1.29122296	
          1.57000000	          0.27475421	         -0.95527767	          0.10933755	         -0.19954945	          0.05458634	          0.97836616	         -0.94057969	         -0.29062847	         -0.17562731	         -1.74841539	          0.10955658	          1.29073834	
          1.58000000	          0.27624883	         -0.95565315	          0.10204721	         -0.21236876	          0.04285750	          0.97624933	         -0.93732924	         -0.29135937	         -0.19111154	         -1.76411262	          0.10222516	          1.28939874	
          1.59000000	          0.27816058	         -0.95585954	          0.09465319	         -0.22348064	          0.03143532	          0.97420133	         -0.93417509	         -0.29213756	         -0.20487203	         -1.77807337	          0.09479509	          1.28761147	
          1.60000000	          0.27888862	         -0.95640055	          0.08671291	         -0.23255142	          0.02034837	          0.97237122	         -0.93174083	         -0.29134847	         -0.21673738	         -1.79010698	          0.08682194	          1.28706152	
          1.61000000	          0.27042306	         -0.95972951	          0.07609620	         -0.23963406	          0.00945364	          0.97081726	         -0.93244136	         -0.28076661	         -0.22742740	         -1.80091056	          0.07616984	          1.29614699	
          1.62000000	          0.26676860	         -0.96147569	          0.06632498	         -0.24535798	         -0.00120259	          0.96943180	         -0.93200535	         -0.27488733	         -0.23622654	         -1.80981349	          0.06637371	          1.30014688	
          1.63000000	          0.26456875	         -0.96269453	          0.05676812	         -0.24977961	         -0.01154994	          0.96823383	         -0.93145774	         -0.27034393	         -0.24351722	         -1.81719249	          0.05679865	          1.30259646	
          1.64000000	          0.26483470	         -0.96310898	          0.04778779	         -0.25287537	         -0.02154170	          0.96725901	         -0.93054641	         -0.26824811	         -0.24925153	         -1.82299804	          0.04780600	          1.30244968	
          1.65000000	          0.26473544	         -0.96354699	          0.03863082	         -0.25454508	         -0.03118496	          0.96655796	         -0.93011932	         -0.26571544	         -0.25352191	         -1.82731150	          0.03864044	          1.30266168	
          1.66000000	          0.26599281	         -0.96351814	          0.02967529	         -0.25487468	         -0.04060630	          0.96612112	         -0.92967022	         -0.26454475	         -0.25637736	         -1.83018562	          0.02967964	          1.30144106	
          1.67000000	          0.34006343	         -0.93950820	          0.04100242	         -0.25483660	         -0.05009553	          0.96568563	         -0.90521554	         -0.33884329	         -0.25645673	         -1.83037419	          0.04101392	          1.22350760	
          1.68000000	          0.33824953	         -0.94053876	          0.03121068	         -0.25555038	         -0.05988417	          0.96493932	         -0.90569380	         -0.33436617	         -0.26061083	         -1.83458274	          0.03121575	          1.22556497	
          1.69000000	          0.33856607	         -0.94068118	          0.02217935	         -0.25786619	         -0.07008957	          0.96363503	         -0.90491880	         -0.33197343	         -0.26629983	         -1.84041650	          0.02218117	          1.22531524	
          1.70000000	          0.33941461	         -0.94053903	          0.01356692	         -0.26211489	         -0.08071854	          0.96165498	         -0.90337894	         -0.32995585	         -0.27392633	         -1.84829570	          0.01356733	          1.22446862	
          1.71000000	          0.33950545	         -0.94059069	          0.00501991	         -0.26826836	         -0.09171326	          0.95896859	         -0.90153654	         -0.32692175	         -0.28346787	         -1.85820844	          0.00501993	          1.22440071	
          1.72000000	          0.33875877	         -0.94086662	         -0.00353398	         -0.27606558	         -0.10298667	          0.95560533	         -0.89946111	         -0.32274408	         -0.29462853	         -1.86986502	         -0.00353398	          1.22519672	
          1.73000000	          0.33760093	         -0.94121222	         -0.01204835	         -0.28508701	         -0.11443902	          0.95164547	         -0.89707915	         -0.31784157	         -0.30696210	         -1.88281911	         -0.01204865	          1.22640327	
          1.74000000	          0.33640162	         -0.94149536	         -0.02050475	         -0.29481274	         -0.12596759	          0.94721572	         -0.89438214	         -0.31259984	         -0.31994052	         -1.89653405	         -0.02050618	          1.22762801	
          1.75000000	          0.33534053	         -0.94165220	         -0.02894570	         -0.30467908	         -0.13747330	          0.94248170	         -0.89146923	         -0.30723316	         -0.33300210	         -1.91042998	         -0.02894975	          1.22868044	
          1.76000000	          0.33447510	         -0.94166032	         -0.03744656	         -0.31413531	         -0.14886643	          0.93763415	         -0.88850741	         -0.30185199	         -0.34560087	         -1.92393387	         -0.03745531	          1.22949902	
          1.77000000	          0.33381159	         -0.94151265	         -0.04608414	         -0.32269774	         -0.16007291	          0.93286807	         -0.88568391	         -0.29653092	         -0.35725819	         -1.93653388	         -0.04610047	          1.23007545	
          1.78000000	          0.33333456	         -0.94120764	         -0.05492037	         -0.32999857	         -0.17104154	          0.92835647	         -0.88316987	         -0.29132965	         -0.36761123	         -1.94783298	         -0.05494802	          1.23042365	
          1.79000000	          0.33301761	         -0.94074646	         -0.06399504	         -0.33582482	         -0.18175065	          0.92422313	         -0.88109078	         -0.28629146	         -0.37645218	         -1.95759486	         -0.06403880	          1.23056875	
          1.80000000	          0.33283436	         -0.94013043	         -0.07332163	         -0.34013851	         -0.19221157	          0.92052187	         -0.87950389	         -0.28144179	         -0.38374918	         -1.96577108	         -0.07338749	          1.23053585	
          1.81000000	          0.33277334	         -0.93935724	         -0.08288475	         -0.34306878	         -0.20246667	          0.91723010	         -0.87838814	         -0.27679455	         -0.38963965	         -1.97249784	         -0.08297994	          1.23033463	
          1.82000000	          0.33285101	         -0.93841767	         -0.09264167	         -0.34487236	         -0.21258097	          0.91426057	         -0.87765213	         -0.27236300	         -0.39439211	         -1.97805697	         -0.09277470	          1.22994601	
          1.83000000	          0.33311558	         -0.93729479	         -0.10253040	         -0.34586901	         -0.22262964	          0.91148817	         -0.87715942	         -0.26816882	         -0.39834262	         -1.98280755	         -0.10271090	          1.22931799	
          1.84000000	          0.33364001	         -0.93596577	         -0.11248297	         -0.34636919	         -0.23268501	          0.90878274	         -0.87676264	         -0.26424565	         -0.40182273	         -1.98710714	         -0.11272153	          1.22837277	
          1.85000000	          0.33450936	         -0.93440477	         -0.12243864	         -0.34661621	         -0.24280722	          0.90603634	         -0.87633366	         -0.26063842	         -0.40510113	         -1.99124729	         -0.12274664	          1.22701957	
          1.86000000	          0.33580923	         -0.93258525	         -0.13235146	         -0.34675918	         -0.25304037	          0.90317697	         -0.87577979	         -0.25740108	         -0.40835579	         -1.99542234	         -0.13274093	          1.22516620	
          1.87000000	          0.33761486	         -0.93048242	         -0.14219240	         -0.34685790	         -0.26341333	          0.90016833	         -0.87504617	         -0.25458965	         -0.41167743	         -1.99973231	         -0.14267597	          1.22273017	
          1.88000000	          0.33997875	         -0.92807648	         -0.15194903	         -0.34690798	         -0.27394265	          0.89700071	         -0.87411058	         -0.25224885	         -0.41509182	         -2.00420677	         -0.15253990	          1.21965167	
          1.89000000	          0.34292022	         -0.92535594	         -0.16162335	         -0.34687332	         -0.28463556	          0.89367863	         -0.87297458	         -0.25039765	         -0.41858858	         -2.00883627	         -0.16233541	          1.21590462	
          1.90000000	          0.34642510	         -0.92231857	         -0.17122531	         -0.34671889	         -0.29549254	          0.89020794	         -0.87165111	         -0.24902332	         -0.42215130	         -2.01360522	         -0.17207322	          1.21149760	
          1.91000000	          0.35046515	         -0.91896717	         -0.18075815	         -0.34643957	         -0.30650966	          0.88658415	         -0.87014585	         -0.24809507	         -0.42578755	         -2.01852452	         -0.18175725	          1.20645402	
          1.92000000	          0.35501493	         -0.91530640	         -0.19020673	         -0.34607914	         -0.31768030	          0.88278449	         -0.86844322	         -0.24757509	         -0.42954970	         -2.02365446	         -0.19137272	          1.20079509	
          1.93000000	          0.36006179	         -0.91134104	         -0.19953201	         -0.34573410	         -0.32899601	          0.87876593	         -0.86650069	         -0.24742501	         -0.43354056	         -2.02911107	         -0.20088030	          1.19452981	
          1.94000000	          0.36559993	         -0.90707812	         -0.20867673	         -0.34554026	         -0.34044599	          0.87447039	         -0.86425611	         -0.24760010	         -0.43789904	         -2.03505106	         -0.21022170	          1.18766143	
