name C:\Users\u0101727\Documents\MyRepositories\upper-imu-dc\Results\main_tracking\Case_22\SHRUG01_orientations_groundFrame.mot
datacolumns 13
datarows 200
range 0.710000 2.700000
endheader 
time	radius_imu_[0][0]	radius_imu_[0][1]	radius_imu_[0][2]	radius_imu_[1][0]	radius_imu_[1][1]	radius_imu_[1][2]	radius_imu_[2][0]	radius_imu_[2][1]	radius_imu_[2][2]	radius_imu_x	radius_imu_y	radius_imu_z	
          0.71000000	          0.56524707	         -0.11656854	          0.81664407	         -0.18740057	          0.94593685	          0.26473479	         -0.80335346	         -0.30268013	          0.51284302	         -0.47653150	          0.95557211	          0.20337469	
          0.72000000	          0.56067054	         -0.11676257	          0.81976524	         -0.18948989	          0.94564443	          0.26429185	         -0.80606584	         -0.30351788	          0.50806964	         -0.47966746	          0.96100098	          0.20532053	
          0.73000000	          0.55612293	         -0.11699092	          0.82282465	         -0.19171705	          0.94528306	          0.26397822	         -0.80868527	         -0.30455386	          0.50326443	         -0.48307993	          0.96636368	          0.20734541	
          0.74000000	          0.55166120	         -0.11725639	          0.82578500	         -0.19389224	          0.94491670	          0.26370101	         -0.81121867	         -0.30558692	          0.49853878	         -0.48653681	          0.97159266	          0.20943462	
          0.75000000	          0.54745966	         -0.11755223	          0.82853449	         -0.19584720	          0.94459032	          0.26342553	         -0.81359191	         -0.30648101	          0.49410281	         -0.48980609	          0.97648532	          0.21151146	
          0.76000000	          0.54375106	         -0.11786469	          0.83092882	         -0.19744320	          0.94433329	          0.26315551	         -0.81569049	         -0.30715233	          0.49021065	         -0.49266893	          0.98077501	          0.21345991	
          0.77000000	          0.54074845	         -0.11817861	          0.83284148	         -0.19858655	          0.94416102	          0.26291319	         -0.81740718	         -0.30756102	          0.48708493	         -0.49495415	          0.98422158	          0.21516336	
          0.78000000	          0.53856697	         -0.11848181	          0.83421081	         -0.19924599	          0.94407610	          0.26271915	         -0.81868593	         -0.30770501	          0.48484118	         -0.49657717	          0.98670011	          0.21654513	
          0.79000000	          0.53718557	         -0.11876729	          0.83506048	         -0.19945699	          0.94407029	          0.26257988	         -0.81954169	         -0.30761277	          0.48345197	         -0.49755762	          0.98824270	          0.21759140	
          0.80000000	          0.53646807	         -0.11903176	          0.83548396	         -0.19930693	          0.94412803	          0.26248621	         -0.82004802	         -0.30733321	          0.48277069	         -0.49799955	          0.98901291	          0.21834320	
          0.81000000	          0.53622624	         -0.11927192	          0.83560494	         -0.19890731	          0.94423068	          0.26242009	         -0.82030317	         -0.30692448	          0.48259721	         -0.49804466	          0.98923310	          0.21886537	
          0.82000000	          0.53629354	         -0.11948016	          0.83553201	         -0.19836448	          0.94436032	          0.26236447	         -0.82039062	         -0.30644425	          0.48275371	         -0.49781966	          0.98910034	          0.21920874	
          0.83000000	          0.53656724	         -0.11964243	          0.83533304	         -0.19776255	          0.94450195	          0.26230905	         -0.82035698	         -0.30594403	          0.48312801	         -0.49740595	          0.98873832	          0.21938858	
          0.84000000	          0.53701919	         -0.11973863	          0.83502877	         -0.19715950	          0.94464359	          0.26225296	         -0.82020639	         -0.30546873	          0.48368413	         -0.49683409	          0.98818507	          0.21938047	
          0.85000000	          0.53766647	         -0.11974534	          0.83461118	         -0.19659736	          0.94477505	          0.26220141	         -0.81991722	         -0.30505926	          0.48443225	         -0.49610446	          0.98742654	          0.21913664	
          0.86000000	          0.53854237	         -0.11963868	          0.83406157	         -0.19611287	          0.94488641	          0.26216297	         -0.81945827	         -0.30475607	          0.48539868	         -0.49520931	          0.98642952	          0.21860277	
          0.87000000	          0.53966724	         -0.11939757	          0.83336876	         -0.19574615	          0.94496706	          0.26214632	         -0.81880566	         -0.30460051	          0.48659615	         -0.49415324	          0.98517487	          0.21773555	
          0.88000000	          0.54104630	         -0.11900594	          0.83253017	         -0.19553993	          0.94500552	          0.26216159	         -0.81794440	         -0.30463445	          0.48802133	         -0.49295736	          0.98365940	          0.21650757	
          0.89000000	          0.54266772	         -0.11845500	          0.83155286	         -0.19553574	          0.94499020	          0.26221995	         -0.81687057	         -0.30489660	          0.48965349	         -0.49165933	          0.98189756	          0.21491174	
          0.90000000	          0.54451356	         -0.11774473	          0.83044636	         -0.19576552	          0.94491066	          0.26233510	         -0.81558619	         -0.30541779	          0.49146631	         -0.49030536	          0.97990843	          0.21295953	
          0.91000000	          0.54656208	         -0.11688555	          0.82922112	         -0.19624656	          0.94475869	          0.26252294	         -0.81409900	         -0.30621688	          0.49343089	         -0.48894667	          0.97771269	          0.21068240	
          0.92000000	          0.54877346	         -0.11589942	          0.82789795	         -0.19698361	          0.94452887	          0.26279776	         -0.81243163	         -0.30729877	          0.49550209	         -0.48764475	          0.97534947	          0.20813856	
          0.93000000	          0.55106507	         -0.11482025	          0.82652502	         -0.19797744	          0.94421832	          0.26316666	         -0.81063693	         -0.30865526	          0.49759391	         -0.48648253	          0.97290605	          0.20542152	
          0.94000000	          0.55329008	         -0.11369283	          0.82519333	         -0.19923536	          0.94382593	          0.26362451	         -0.80881108	         -0.31026851	          0.49955789	         -0.48557349	          0.97054438	          0.20266403	
          0.95000000	          0.55523148	         -0.11256986	          0.82404249	         -0.20077841	          0.94335169	          0.26415077	         -0.80709729	         -0.31211476	          0.50117696	         -0.48506121	          0.96850998	          0.20003263	
          0.96000000	          0.55662736	         -0.11150715	          0.82324488	         -0.20263935	          0.94279618	          0.26471239	         -0.80566946	         -0.31416797	          0.50219042	         -0.48510402	          0.96710353	          0.19770937	
          0.97000000	          0.55721193	         -0.11055809	          0.82297738	         -0.20485448	          0.94216066	          0.26526955	         -0.80470461	         -0.31640196	          0.50233484	         -0.48585310	          0.96663248	          0.19586913	
          0.98000000	          0.55676758	         -0.10976906	          0.82338364	         -0.20744987	          0.94144719	          0.26578514	         -0.80434720	         -0.31879138	          0.50139569	         -0.48742931	          0.96734800	          0.19465772	
          0.99000000	          0.55517048	         -0.10917755	          0.82453987	         -0.21042691	          0.94065895	          0.26623534	         -0.80467773	         -0.32131138	          0.49925219	         -0.48990665	          0.96938849	          0.19417802	
          1.00000000	          0.55241892	         -0.10881389	          0.82643383	         -0.21375087	          0.93980031	          0.26661948	         -0.80569467	         -0.32393659	          0.49590441	         -0.49330651	          0.97274408	          0.19448727	
          1.01000000	          0.54863878	         -0.10870585	          0.82896232	         -0.21734602	          0.93887655	          0.26696730	         -0.80731418	         -0.32664027	          0.49147730	         -0.49760251	          0.97724981	          0.19560394	
          1.02000000	          0.54406310	         -0.10888372	          0.83194932	         -0.22110024	          0.93789323	          0.26734055	         -0.80938867	         -0.32939433	          0.48619888	         -0.50273451	          0.98261172	          0.19752122	
          1.03000000	          0.53898644	         -0.10938326	          0.83518197	         -0.22488086	          0.93685510	          0.26782667	         -0.81174024	         -0.33217138	          0.48035400	         -0.50862968	          0.98846356	          0.20022329	
          1.04000000	          0.53370051	         -0.11024489	          0.83845681	         -0.22855980	          0.93576455	          0.26852396	         -0.81420156	         -0.33494890	          0.47422047	         -0.51522815	          0.99444532	          0.20370189	
          1.05000000	          0.52842810	         -0.11150931	          0.84162309	         -0.23204131	          0.93462008	          0.26952206	         -0.81665205	         -0.33771435	          0.46800474	         -0.52250739	          1.00028157	          0.20796966	
          1.06000000	          0.52327871	         -0.11321111	          0.84460798	         -0.23528250	          0.93341507	          0.27088458	         -0.81903696	         -0.34046961	          0.46179964	         -0.53049686	          1.00583252	          0.21306571	
          1.07000000	          0.51824188	         -0.11537202	          0.84741645	         -0.23829987	          0.93213767	          0.27263995	         -0.82136382	         -0.34323267	          0.45557964	         -0.53927630	          1.01110014	          0.21904984	
          1.08000000	          0.51321823	         -0.11799528	          0.85010832	         -0.24116094	          0.93077172	          0.27478247	         -0.82367982	         -0.34603629	          0.44923316	         -0.54895626	          1.01619096	          0.22598528	
          1.09000000	          0.50807500	         -0.12106141	          0.85276253	         -0.24396520	          0.92929878	          0.27728099	         -0.82603921	         -0.34892392	          0.44261871	         -0.55964540	          1.02125185	          0.23391299	
          1.10000000	          0.50270883	         -0.12452595	          0.85543972	         -0.24682035	          0.92770057	          0.28009170	         -0.82847061	         -0.35194450	          0.43562774	         -0.57141105	          1.02639929	          0.24282210	
          1.11000000	          0.49709974	         -0.12831919	          0.85815268	         -0.24981962	          0.92596134	          0.28317091	         -0.83095247	         -0.35514756	          0.42823849	         -0.58424030	          1.03166054	          0.25262101	
          1.12000000	          0.49134425	         -0.13234818	          0.86085120	         -0.25302513	          0.92406946	          0.28648547	         -0.83340213	         -0.35857997	          0.42054880	         -0.59800915	          1.03694008	          0.26311465	
          1.13000000	          0.48566082	         -0.13650081	          0.86342405	         -0.25646029	          0.92201811	          0.29001849	         -0.83568037	         -0.36228460	          0.41278104	         -0.61246642	          1.04201806	          0.27399325	
          1.14000000	          0.48036798	         -0.14065173	          0.86571571	         -0.26011150	          0.91980494	          0.29377011	         -0.83760886	         -0.36630037	          0.40525971	         -0.62723834	          1.04657849	          0.28483825	
          1.15000000	          0.47583924	         -0.14466998	          0.86755266	         -0.26393766	          0.91743114	          0.29775327	         -0.83899578	         -0.37066251	          0.39836589	         -0.64185855	          1.05026018	          0.29515103	
          1.16000000	          0.47244392	         -0.14842869	          0.86877251	         -0.26788401	          0.91490015	          0.30198654	         -0.83966356	         -0.37540197	          0.39247734	         -0.65582511	          1.05271818	          0.30440747	
          1.17000000	          0.47049208	         -0.15181758	          0.86924601	         -0.27189365	          0.91221619	          0.30648892	         -0.83947069	         -0.38054308	          0.38791225	         -0.66867426	          1.05367515	          0.31213057	
          1.18000000	          0.47020632	         -0.15475845	          0.86888195	         -0.27590807	          0.90938301	          0.31128328	         -0.83832020	         -0.38609891	          0.38489853	         -0.68004823	          1.05293922	          0.31796173	
          1.19000000	          0.47173095	         -0.15722285	          0.86761218	         -0.27985282	          0.90640287	          0.31641151	         -0.83615328	         -0.39206481	          0.38357903	         -0.68973614	          1.05037987	          0.32171086	
          1.20000000	          0.47516698	         -0.15924963	          0.86536460	         -0.28361316	          0.90327595	          0.32195674	         -0.83293452	         -0.39841200	          0.38404161	         -0.69768468	          1.04587746	          0.32337977	
          1.21000000	          0.48060130	         -0.16095774	          0.86204118	         -0.28701324	          0.90000015	          0.32805965	         -0.82864093	         -0.40508312	          0.38634424	         -0.70399353	          1.03928327	          0.32316807	
          1.22000000	          0.48808788	         -0.16254829	          0.85752450	         -0.28981903	          0.89657146	          0.33490975	         -0.82327100	         -0.41199232	          0.39049608	         -0.70891972	          1.03043820	          0.32147824	
          1.23000000	          0.49751488	         -0.16428479	          0.85175668	         -0.29179668	          0.89298774	          0.34267709	         -0.81690491	         -0.41902673	          0.39633694	         -0.71291531	          1.01932906	          0.31893765	
          1.24000000	          0.50827373	         -0.16645200	          0.84495654	         -0.29286008	          0.88926289	          0.35134668	         -0.80987085	         -0.42603432	          0.40324181	         -0.71673352	          1.00648390	          0.31647782	
          1.25000000	          0.51840440	         -0.16932252	          0.83820449	         -0.29338821	          0.88548779	          0.36032587	         -0.80323112	         -0.43271383	          0.40936353	         -0.72177318	          0.99398248	          0.31569866	
          1.26000000	          0.50134429	         -0.18574630	          0.84507527	         -0.29415258	          0.88192428	          0.36835285	         -0.81371258	         -0.43325267	          0.38750995	         -0.76005892	          1.00670594	          0.35481656	
          1.27000000	          0.50869153	         -0.18830699	          0.84010321	         -0.29524075	          0.87846439	          0.37567700	         -0.80874336	         -0.43913641	          0.39127150	         -0.76506779	          0.99747347	          0.35453747	
          1.28000000	          0.53487713	         -0.17986043	          0.82556446	         -0.29623397	          0.87514058	          0.38258907	         -0.79129760	         -0.44919838	          0.41481192	         -0.74501030	          0.97120174	          0.32438669	
          1.29000000	          0.51708738	         -0.19416929	          0.83361798	         -0.29806671	          0.87211936	          0.38802585	         -0.80235708	         -0.44911704	          0.39308651	         -0.77891947	          0.98562593	          0.35921400	
          1.30000000	          0.49387226	         -0.20914974	          0.84400626	         -0.30083325	          0.86960162	          0.39152571	         -0.81583671	         -0.44726884	          0.36655292	         -0.81832847	          1.00470962	          0.40059059	
          1.31000000	          0.47520851	         -0.21998554	          0.85192912	         -0.30381516	          0.86766372	          0.39351750	         -0.82575615	         -0.44583185	          0.34548624	         -0.85030149	          1.01965827	          0.43354960	
          1.32000000	          0.46055971	         -0.22859385	          0.85768853	         -0.30597544	          0.86615971	          0.39515364	         -0.83322493	         -0.44442346	          0.32897416	         -0.87653697	          1.03075713	          0.46071471	
          1.33000000	          0.44995606	         -0.23650269	          0.86116550	         -0.30642391	          0.86486909	          0.39762527	         -0.83883487	         -0.44279560	          0.31668301	         -0.89823245	          1.03755806	          0.48392732	
          1.34000000	          0.48106751	         -0.22336137	          0.84775218	         -0.30534366	          0.86376161	          0.40085051	         -0.82179030	         -0.45169191	          0.34732567	         -0.85681692	          1.01173279	          0.43468492	
          1.35000000	          0.42710495	         -0.25467104	          0.86759670	         -0.30420911	          0.86310946	          0.40311149	         -0.85149174	         -0.43610173	          0.29116507	         -0.94526402	          1.05034874	          0.53767436	
          1.36000000	          0.46480285	         -0.23643025	          0.85326376	         -0.30320880	          0.86291779	          0.40427380	         -0.83187903	         -0.44662470	          0.32939892	         -0.88710094	          1.02221226	          0.47055779	
          1.37000000	          0.45896054	         -0.23833530	          0.85589223	         -0.30344373	          0.86336805	          0.40313461	         -0.83503121	         -0.44473801	          0.32393052	         -0.89390701	          1.02727365	          0.47896313	
          1.38000000	          0.45481843	         -0.23595516	          0.85875803	         -0.30539406	          0.86447553	          0.39926999	         -0.83658512	         -0.44385495	          0.32112010	         -0.89345832	          1.03284082	          0.47856621	
          1.39000000	          0.44621238	         -0.23403791	          0.86378283	         -0.30825458	          0.86594055	          0.39386049	         -0.84016286	         -0.44201043	          0.31425014	         -0.89735448	          1.04272967	          0.48305411	
          1.40000000	          0.43555327	         -0.23259720	          0.86959295	         -0.31133598	          0.86749384	          0.38797467	         -0.84460834	         -0.43971921	          0.30542390	         -0.90389285	          1.05437734	          0.49049720	
          1.41000000	          0.42458347	         -0.23147246	          0.87529959	         -0.31428350	          0.86897149	          0.38224918	         -0.84909055	         -0.43738890	          0.29620295	         -0.91155190	          1.06605500	          0.49913156	
          1.42000000	          0.41416845	         -0.23053974	          0.88052025	         -0.31700001	          0.87029080	          0.37696807	         -0.85321480	         -0.43525321	          0.28736589	         -0.91946432	          1.07695865	          0.50792130	
          1.43000000	          0.40418429	         -0.22993422	          0.88530521	         -0.31951856	          0.87141983	          0.37220341	         -0.85705481	         -0.43331021	          0.27874595	         -0.92799474	          1.08714996	          0.51722626	
          1.44000000	          0.39417829	         -0.22984035	          0.88982970	         -0.32190712	          0.87235669	          0.36792610	         -0.86081315	         -0.43147100	          0.26987682	         -0.93793376	          1.09697180	          0.52789085	
          1.45000000	          0.38404576	         -0.23023336	          0.89414845	         -0.32421987	          0.87311624	          0.36407350	         -0.86451740	         -0.42972158	          0.26067036	         -0.94942401	          1.10652582	          0.54004781	
          1.46000000	          0.37403079	         -0.23092209	          0.89820708	         -0.32648495	          0.87372107	          0.36058157	         -0.86804870	         -0.42811970	          0.25140599	         -0.96193613	          1.11567358	          0.55310673	
          1.47000000	          0.36451184	         -0.23167259	          0.90191958	         -0.32870740	          0.87419543	          0.35739866	         -0.87125345	         -0.42674368	          0.24250209	         -0.97463249	          1.12419356	          0.56616373	
          1.48000000	          0.35586656	         -0.23227267	          0.90521180	         -0.33087879	          0.87456185	          0.35448667	         -0.87400127	         -0.42566534	          0.23437322	         -0.98661414	          1.13187785	          0.57826813	
          1.49000000	          0.34839873	         -0.23256397	          0.90803762	         -0.33298350	          0.87483922	          0.35182145	         -0.87620792	         -0.42493569	          0.22735291	         -0.99708529	          1.13857529	          0.58859483	
          1.50000000	          0.34223452	         -0.23249682	          0.91039594	         -0.33499725	          0.87504105	          0.34939950	         -0.87786809	         -0.42455670	          0.22158346	         -1.00562027	          1.14424003	          0.59673165	
          1.51000000	          0.33714890	         -0.23223454	          0.91235834	         -0.33687653	          0.87517243	          0.34725700	         -0.87911593	         -0.42442942	          0.21682906	         -1.01262487	          1.14900816	          0.60318239	
          1.52000000	          0.33231430	         -0.23229610	          0.91411472	         -0.33854909	          0.87522680	          0.34548888	         -0.88031342	         -0.42428361	          0.21220675	         -1.01998532	          1.15331911	          0.61007149	
          1.53000000	          0.32633845	         -0.23348024	          0.91596408	         -0.33993917	          0.87519530	          0.34420131	         -0.88201167	         -0.42369819	          0.20624080	         -1.03097516	          1.15790400	          0.62102285	
          1.54000000	          0.32293364	         -0.23404694	          0.91702557	         -0.34099561	          0.87508874	          0.34342641	         -0.88285665	         -0.42360563	          0.20278661	         -1.03740583	          1.16055742	          0.62714590	
          1.55000000	          0.32202152	         -0.23402868	          0.91735092	         -0.34170413	          0.87491935	          0.34315364	         -0.88291586	         -0.42396546	          0.20177429	         -1.03924719	          1.16137397	          0.62845338	
          1.56000000	          0.32402372	         -0.23317752	          0.91686251	         -0.34206365	          0.87470460	          0.34334285	         -0.88204370	         -0.42487657	          0.20366349	         -1.03540797	          1.16014878	          0.62378001	
          1.57000000	          0.33059699	         -0.23056084	          0.91517612	         -0.34208003	          0.87448624	          0.34388234	         -0.87959473	         -0.42674994	          0.21023226	         -1.02207346	          1.15594467	          0.60898396	
          1.58000000	          0.33597156	         -0.22896969	          0.91361698	         -0.34176580	          0.87425375	          0.34478474	         -0.87767833	         -0.42808090	          0.21547039	         -1.01223888	          1.15209319	          0.59821195	
          1.59000000	          0.34044591	         -0.22822482	          0.91214583	         -0.34114495	          0.87401170	          0.34601108	         -0.87619444	         -0.42897200	          0.21969596	         -1.00508170	          1.14848938	          0.59056226	
          1.60000000	          0.34436779	         -0.22799872	          0.91072905	         -0.34030179	          0.87377966	          0.34742453	         -0.87498887	         -0.42956454	          0.22331320	         -0.99952228	          1.14504588	          0.58481987	
          1.61000000	          0.34787520	         -0.22803636	          0.90938565	         -0.33935007	          0.87357356	          0.34887070	         -0.87397047	         -0.42996355	          0.22651041	         -0.99493620	          1.14180471	          0.58024033	
          1.62000000	          0.35093584	         -0.22819274	          0.90816965	         -0.33840281	          0.87340019	          0.35022229	         -0.87311372	         -0.43023271	          0.22928637	         -0.99113248	          1.13889058	          0.57654435	
          1.63000000	          0.35332887	         -0.22846721	          0.90717222	         -0.33755072	          0.87325822	          0.35139665	         -0.87247821	         -0.43037521	          0.23142807	         -0.98840265	          1.13651395	          0.57399085	
          1.64000000	          0.35462807	         -0.22901951	          0.90652579	         -0.33684713	          0.87314231	          0.35235850	         -0.87222299	         -0.43031683	          0.23249620	         -0.98754275	          1.13498013	          0.57341840	
          1.65000000	          0.35436163	         -0.23007037	          0.90636387	         -0.33630750	          0.87305057	          0.35310051	         -0.87253945	         -0.42994224	          0.23200123	         -0.98948784	          1.13459673	          0.57584994	
          1.66000000	          0.35314122	         -0.23132736	          0.90652023	         -0.33590148	          0.87299460	          0.35362498	         -0.87319040	         -0.42938104	          0.23058717	         -0.99296941	          1.13496697	          0.57992150	
          1.67000000	          0.35268142	         -0.23207641	          0.90650778	         -0.33549764	          0.87298888	          0.35402223	         -0.87353143	         -0.42898828	          0.23002587	         -0.99459702	          1.13493748	          0.58200240	
          1.68000000	          0.35380705	         -0.23201752	          0.90608413	         -0.33504156	          0.87301984	          0.35437764	         -0.87325124	         -0.42895714	          0.23114506	         -0.99283657	          1.13393509	          0.58042367	
          1.69000000	          0.35155987	         -0.23357432	          0.90655871	         -0.33446437	          0.87312484	          0.35466406	         -0.87437935	         -0.42789724	          0.22883336	         -0.99779467	          1.13505813	          0.58642768	
          1.70000000	          0.35465927	         -0.23244839	          0.90564041	         -0.33375558	          0.87331849	          0.35485495	         -0.87339797	         -0.42811514	          0.23214955	         -0.99146743	          1.13288752	          0.58017127	
          1.71000000	          0.35754774	         -0.23140162	          0.90477229	         -0.33291110	          0.87358764	          0.35498568	         -0.87254215	         -0.42813307	          0.23531312	         -0.98541942	          1.13084476	          0.57439787	
          1.72000000	          0.35814104	         -0.23145455	          0.90452407	         -0.33193810	          0.87392971	          0.35505486	         -0.87266952	         -0.42740571	          0.23616152	         -0.98385076	          1.13026229	          0.57374612	
          1.73000000	          0.35735920	         -0.23211106	          0.90466505	         -0.33086109	          0.87434857	          0.35502889	         -0.87339873	         -0.42619131	          0.23565999	         -0.98479697	          1.13059303	          0.57603596	
          1.74000000	          0.35580747	         -0.23302831	          0.90504080	         -0.32971783	          0.87484162	          0.35487785	         -0.87446395	         -0.42467628	          0.23444160	         -0.98698726	          1.13147564	          0.57983181	
          1.75000000	          0.35391659	         -0.23398084	          0.90553631	         -0.32853964	          0.87539790	          0.35459867	         -0.87567388	         -0.42300293	          0.23294585	         -0.98956609	          1.13264211	          0.58415180	
          1.76000000	          0.35204690	         -0.23481728	          0.90604847	         -0.32733778	          0.87600205	          0.35421800	         -0.87687682	         -0.42128525	          0.23152924	         -0.99187007	          1.13385081	          0.58823726	
          1.77000000	          0.35054902	         -0.23543117	          0.90646982	         -0.32609378	          0.87663874	          0.35378999	         -0.87793976	         -0.41961491	          0.23053221	         -0.99329187	          1.13484759	          0.59141503	
          1.78000000	          0.34979556	         -0.23574322	          0.90667977	         -0.32475388	          0.87729611	          0.35339277	         -0.87873658	         -0.41806300	          0.23031575	         -0.99320772	          1.13534503	          0.59302504	
          1.79000000	          0.35015426	         -0.23570378	          0.90655155	         -0.32323174	          0.87796790	          0.35311983	         -0.87915484	         -0.41667265	          0.23123726	         -0.99102563	          1.13504117	          0.59247262	
          1.80000000	          0.35191874	         -0.23530275	          0.90597230	         -0.32142265	          0.87865497	          0.35306221	         -0.87911358	         -0.41544923	          0.23358352	         -0.98631443	          1.13367087	          0.58935927	
          1.81000000	          0.35517509	         -0.23459321	          0.90488490	         -0.31923052	          0.87936697	          0.35327836	         -0.87860260	         -0.41434255	          0.23743993	         -0.97903860	          1.13110924	          0.58372134	
          1.82000000	          0.35996324	         -0.23356589	          0.90325713	         -0.31660116	          0.88012547	          0.35375538	         -0.87760479	         -0.41331119	          0.24286558	         -0.96916429	          1.12730051	          0.57557366	
          1.83000000	          0.37272389	         -0.22909393	          0.89921792	         -0.31353261	          0.88096348	          0.35440183	         -0.87336946	         -0.41402817	          0.25652771	         -0.94425354	          1.11797862	          0.55112040	
          1.84000000	          0.37193747	         -0.23136494	          0.89896206	         -0.30998555	          0.88188707	          0.35522410	         -0.87496942	         -0.41078640	          0.25628706	         -0.94579930	          1.11739413	          0.55647756	
          1.85000000	          0.38895213	         -0.22589174	          0.89313446	         -0.30579929	          0.88284819	          0.35646301	         -0.86902418	         -0.41176693	          0.27430815	         -0.91491419	          1.10426639	          0.52615979	
          1.86000000	          0.40283689	         -0.22250265	          0.88781474	         -0.30112827	          0.88378047	          0.35812547	         -0.86431719	         -0.41161226	          0.28901754	         -0.89178426	          1.09257471	          0.50463746	
          1.87000000	          0.41687245	         -0.21914137	          0.88215329	         -0.29636631	          0.88469922	          0.35982538	         -0.85929295	         -0.41144181	          0.30386061	         -0.86952333	          1.08041491	          0.48397966	
          1.88000000	          0.43855177	         -0.21164359	          0.87342964	         -0.29189739	          0.88563877	          0.36116462	         -0.84998133	         -0.41334121	          0.32662024	         -0.83558155	          1.06220155	          0.44962820	
          1.89000000	          0.42709917	         -0.21940714	          0.87718117	         -0.28799328	          0.88658251	          0.36198249	         -0.85711503	         -0.40722470	          0.31547087	         -0.85394716	          1.06995973	          0.47455912	
          1.90000000	          0.44650477	         -0.21207880	          0.86928480	         -0.28439650	          0.88749090	          0.36259970	         -0.84838206	         -0.40912405	          0.33595445	         -0.82352310	          1.05375362	          0.44342830	
          1.91000000	          0.45415557	         -0.21024908	          0.86575865	         -0.28110117	          0.88830211	          0.36318246	         -0.84541401	         -0.40830711	          0.34432609	         -0.81204365	          1.04666430	          0.43356674	
          1.92000000	          0.45935641	         -0.20953790	          0.86318339	         -0.27803428	          0.88902602	          0.36377146	         -0.84361640	         -0.40709532	          0.35012108	         -0.80451689	          1.04154119	          0.42796095	
          1.93000000	          0.46274124	         -0.20974236	          0.86132380	         -0.27504703	          0.88969044	          0.36441740	         -0.84274532	         -0.40553552	          0.35400745	         -0.79988712	          1.03786956	          0.42556211	
          1.94000000	          0.46495062	         -0.21074680	          0.85988761	         -0.27191837	          0.89031714	          0.36523390	         -0.84254455	         -0.40363496	          0.35664758	         -0.79729196	          1.03504947	          0.42556749	
          1.95000000	          0.46658926	         -0.21248301	          0.85857174	         -0.26841226	          0.89091952	          0.36635674	         -0.84276291	         -0.40138930	          0.35866044	         -0.79601310	          1.03247734	          0.42733240	
          1.96000000	          0.46817490	         -0.21488164	          0.85711034	         -0.26433783	          0.89150475	          0.36789236	         -0.84317126	         -0.39880466	          0.36057880	         -0.79543742	          1.02963368	          0.43029431	
          1.97000000	          0.47011485	         -0.21781815	          0.85530537	         -0.25959722	          0.89207939	          0.36986976	         -0.84356464	         -0.39591616	          0.36283479	         -0.79499924	          1.02613993	          0.43388340	
          1.98000000	          0.47269094	         -0.22106190	          0.85305036	         -0.25422432	          0.89265880	          0.37219653	         -0.84376138	         -0.39280007	          0.36575242	         -0.79413040	          1.02180317	          0.43744819	
          1.99000000	          0.47611169	         -0.22421408	          0.85032094	         -0.24840616	          0.89327910	          0.37462893	         -0.84357101	         -0.38959017	          0.36960446	         -0.79214925	          1.01659485	          0.44012028	
          2.00000000	          0.48079548	         -0.22657021	          0.84705469	         -0.24248144	          0.89400874	          0.37676401	         -0.84263780	         -0.38654148	          0.37489629	         -0.78788296	          1.01041914	          0.44037630	
          2.01000000	          0.48812695	         -0.22681544	          0.84278516	         -0.23690303	          0.89495432	          0.37806575	         -0.84000538	         -0.38420244	          0.38311806	         -0.77876082	          1.00243693	          0.43498207	
          2.02000000	          0.49999513	         -0.22329626	          0.83674587	         -0.23217434	          0.89625724	          0.37791274	         -0.83432604	         -0.38322545	          0.39628059	         -0.76167746	          0.99131333	          0.42002028	
          2.03000000	          0.45561618	         -0.24216670	          0.85660328	         -0.22885987	          0.89807258	          0.37561791	         -0.86025407	         -0.36717971	          0.35375415	         -0.81536532	          1.02865016	          0.48854038	
          2.04000000	          0.47553617	         -0.22966382	          0.84918778	         -0.22737788	          0.90042712	          0.37085077	         -0.84980271	         -0.36943947	          0.37596519	         -0.77854997	          1.01444535	          0.44992100	
          2.05000000	          0.48888611	         -0.21860626	          0.84451268	         -0.22655620	          0.90305623	          0.36491333	         -0.84241478	         -0.36973064	          0.39196505	         -0.74967220	          1.00565455	          0.42048277	
          2.06000000	          0.49430584	         -0.21102932	          0.84328427	         -0.22558366	          0.90571294	          0.35888171	         -0.83950804	         -0.36762847	          0.40009443	         -0.73115102	          1.00336489	          0.40349624	
          2.07000000	          0.50187761	         -0.20242983	          0.84091678	         -0.22458717	          0.90838156	          0.35270886	         -0.83527209	         -0.36587580	          0.41043322	         -0.70990154	          0.99897509	          0.38338667	
          2.08000000	          0.51083148	         -0.19385570	          0.83753876	         -0.22315723	          0.91094642	          0.34695457	         -0.83021205	         -0.36413815	          0.42207980	         -0.68801939	          0.99276289	          0.36270173	
          2.09000000	          0.52034886	         -0.18652622	          0.83333368	         -0.22081493	          0.91327496	          0.34230049	         -0.82491080	         -0.36212819	          0.43403381	         -0.66778140	          0.98511142	          0.34419495	
          2.10000000	          0.53122776	         -0.17950892	          0.82799373	         -0.21790331	          0.91547072	          0.33827726	         -0.81872780	         -0.36012485	          0.44720788	         -0.64759766	          0.97552026	          0.32586683	
          2.11000000	          0.54159260	         -0.17306425	          0.82263371	         -0.21474868	          0.91762659	          0.33443154	         -0.81274871	         -0.35778515	          0.45981445	         -0.62882620	          0.96602777	          0.30929191	
          2.12000000	          0.55205047	         -0.16630933	          0.81705660	         -0.21172291	          0.91983042	          0.33028080	         -0.80648230	         -0.35532127	          0.47258132	         -0.60997840	          0.95628727	          0.29261004	
          2.13000000	          0.55772939	         -0.16127292	          0.81420450	         -0.20893714	          0.92207637	          0.32576132	         -0.80329521	         -0.35180422	          0.48057319	         -0.59571182	          0.95135770	          0.28148223	
          2.14000000	          0.56019220	         -0.15810118	          0.81313512	         -0.20596802	          0.92420471	          0.32159420	         -0.80234773	         -0.34763439	          0.48516848	         -0.58535603	          0.94951813	          0.27507231	
