name C:\Users\u0101727\Documents\MyRepositories\upper-imu-dc\Results\main_tracking\Case_22\SHRUG01_orientations_groundFrame.mot
datacolumns 13
datarows 200
range 0.710000 2.700000
endheader 
time	radius_imu_[0][0]	radius_imu_[0][1]	radius_imu_[0][2]	radius_imu_[1][0]	radius_imu_[1][1]	radius_imu_[1][2]	radius_imu_[2][0]	radius_imu_[2][1]	radius_imu_[2][2]	radius_imu_x	radius_imu_y	radius_imu_z	
          0.71000000	          0.56567000	         -0.11585080	          0.81645333	         -0.18572066	          0.94674802	          0.26301335	         -0.80344588	         -0.30041101	          0.51403107	         -0.47293854	          0.95524171	          0.20200935	
          0.72000000	          0.55987946	         -0.11660252	          0.82032850	         -0.18687731	          0.94676824	          0.26211978	         -0.80722479	         -0.30005626	          0.50828572	         -0.47612366	          0.96198519	          0.20532857	
          0.73000000	          0.55428300	         -0.11742892	          0.82400292	         -0.18899145	          0.94638212	          0.26199831	         -0.81058781	         -0.30095072	          0.50237045	         -0.48071827	          0.96844013	          0.20877042	
          0.74000000	          0.54885887	         -0.11831363	          0.82749974	         -0.19172524	          0.94572529	          0.26238351	         -0.81363098	         -0.30266410	          0.49638601	         -0.48625531	          0.97463987	          0.21231416	
          0.75000000	          0.54378150	         -0.11922891	          0.83071424	         -0.19479231	          0.94489176	          0.26312642	         -0.81630732	         -0.30490003	          0.49058978	         -0.49230077	          0.98038945	          0.21584326	
          0.76000000	          0.53942243	         -0.12014230	          0.83342022	         -0.19793106	          0.94394399	          0.26418372	         -0.81844165	         -0.30746637	          0.48540467	         -0.49842145	          0.98526799	          0.21914702	
          0.77000000	          0.53632367	         -0.12102305	          0.83529058	         -0.20089036	          0.94291946	          0.26560487	         -0.81975605	         -0.31025200	          0.48139766	         -0.50417578	          0.98866108	          0.22193591	
          0.78000000	          0.53516411	         -0.12184557	          0.83591449	         -0.20342037	          0.94183572	          0.26751755	         -0.81988995	         -0.31320783	          0.47925080	         -0.50911659	          0.98979683	          0.22386278	
          0.79000000	          0.53674422	         -0.12258210	          0.83479295	         -0.20526090	          0.94069606	          0.27010902	         -0.81839697	         -0.31632981	          0.47975186	         -0.51278300	          0.98775661	          0.22453004	
          0.80000000	          0.54198566	         -0.12317170	          0.83131238	         -0.20613398	          0.93949758	          0.27359291	         -0.81471487	         -0.31964516	          0.48380435	         -0.51466789	          0.98146475	          0.22346456	
          0.81000000	          0.55190149	         -0.12344884	          0.82472124	         -0.20576592	          0.93824244	          0.27813938	         -0.80812445	         -0.32320506	          0.49241584	         -0.51417020	          0.96970912	          0.22005685	
          0.82000000	          0.56743710	         -0.12301326	          0.81417620	         -0.20398682	          0.93695553	          0.28373176	         -0.79774966	         -0.32708114	          0.50657024	         -0.51056711	          0.95130894	          0.21348404	
          0.83000000	          0.58901775	         -0.12105117	          0.79900232	         -0.20096869	          0.93571386	          0.28991578	         -0.78273219	         -0.33133999	          0.52682457	         -0.50307965	          0.92563426	          0.20269146	
          0.84000000	          0.61454909	         -0.11645275	          0.78023598	         -0.19782342	          0.93469332	          0.29532067	         -0.76367226	         -0.33583800	          0.55137784	         -0.49172417	          0.89504300	          0.18727256	
          0.85000000	          0.62028697	         -0.11585567	          0.77577158	         -0.19723112	          0.93421660	          0.29721917	         -0.75917321	         -0.33736747	          0.55663204	         -0.49044498	          0.88793693	          0.18464993	
          0.86000000	          0.60303517	         -0.11912337	          0.78877006	         -0.20043283	          0.93444064	          0.29435925	         -0.77212386	         -0.33560440	          0.53962434	         -0.49937343	          0.90880550	          0.19502874	
          0.87000000	          0.58898885	         -0.11802835	          0.79947573	         -0.20509688	          0.93505693	          0.28914324	         -0.78168242	         -0.33427212	          0.52653086	         -0.50218866	          0.92642195	          0.19777196	
          0.88000000	          0.58145272	         -0.11561222	          0.80532388	         -0.20857311	          0.93558876	          0.28490512	         -0.78639048	         -0.33362777	          0.51988703	         -0.50131681	          0.93622159	          0.19627358	
          0.89000000	          0.58400273	         -0.11292713	          0.80385836	         -0.20955682	          0.93573622	          0.28369644	         -0.78423641	         -0.33413350	          0.52280786	         -0.49717496	          0.93375368	          0.19101006	
          0.90000000	          0.59698951	         -0.11021616	          0.79464201	         -0.20793902	          0.93540856	          0.28595839	         -0.77483217	         -0.33595124	          0.53551085	         -0.49046981	          0.91841766	          0.18256425	
          0.91000000	          0.61758652	         -0.10663446	          0.77924065	         -0.20494784	          0.93471813	          0.29034186	         -0.75933081	         -0.33901490	          0.55541481	         -0.48167979	          0.89345328	          0.17097740	
          0.92000000	          0.62769559	         -0.10576951	          0.77123995	         -0.20349414	          0.93398379	          0.29370805	         -0.75139097	         -0.34130205	          0.56473403	         -0.47958390	          0.88078680	          0.16693627	
          0.93000000	          0.62680771	         -0.10646544	          0.77186606	         -0.20472213	          0.93331352	          0.29498258	         -0.75179848	         -0.34291542	          0.56321228	         -0.48246680	          0.88177099	          0.16824770	
          0.94000000	          0.62693207	         -0.10729571	          0.77165005	         -0.20576914	          0.93249429	          0.29683910	         -0.75140884	         -0.34487972	          0.56253244	         -0.48554838	          0.88143132	          0.16950189	
          0.95000000	          0.62856882	         -0.10828540	          0.77017888	         -0.20639616	          0.93153074	          0.29941793	         -0.74986790	         -0.34716674	          0.56318149	         -0.48864931	          0.87912156	          0.17059842	
          0.96000000	          0.62903836	         -0.10971005	          0.76959369	         -0.20722385	          0.93050442	          0.30202617	         -0.74924563	         -0.34946421	          0.56258843	         -0.49269200	          0.87820459	          0.17267232	
          0.97000000	          0.63069124	         -0.11057717	          0.76811539	         -0.20799422	          0.92949590	          0.30459116	         -0.74764093	         -0.35186654	          0.56322551	         -0.49575080	          0.87589266	          0.17356288	
          0.98000000	          0.63059642	         -0.11097415	          0.76813598	         -0.20949054	          0.92864939	          0.30614379	         -0.74730306	         -0.35397040	          0.56235495	         -0.49853054	          0.87592482	          0.17419914	
          0.99000000	          0.62058040	         -0.11364678	          0.77586364	         -0.21246283	          0.92806077	          0.30588028	         -0.75481091	         -0.35466549	          0.55179061	         -0.50617009	          0.88808284	          0.18112287	
          1.00000000	          0.60338502	         -0.11558668	          0.78902867	         -0.21810922	          0.92779151	          0.30270659	         -0.76704295	         -0.35474305	          0.53460498	         -0.51521447	          0.90922633	          0.18927075	
          1.01000000	          0.58044466	         -0.11781034	          0.80573241	         -0.22519224	          0.92766605	          0.29786600	         -0.78254230	         -0.35433942	          0.51192883	         -0.52696730	          0.93691103	          0.20024553	
          1.02000000	          0.56115179	         -0.11862720	          0.81916803	         -0.23206929	          0.92743260	          0.29327907	         -0.79451401	         -0.35467782	          0.49290073	         -0.53673961	          0.95995895	          0.20833220	
          1.03000000	          0.54675098	         -0.11901888	          0.82879302	         -0.23792328	          0.92695757	          0.29007272	         -0.80278009	         -0.35578670	          0.47849760	         -0.54497728	          0.97694719	          0.21434005	
          1.04000000	          0.53762768	         -0.11964397	          0.83465070	         -0.24237153	          0.92617613	          0.28888376	         -0.80759675	         -0.35760747	          0.46893963	         -0.55212740	          0.98749830	          0.21897229	
          1.05000000	          0.53392295	         -0.12086840	          0.83684952	         -0.24521389	          0.92505992	          0.29005912	         -0.80919493	         -0.36007634	          0.46427211	         -0.55842744	          0.99150264	          0.22262563	
          1.06000000	          0.53564074	         -0.12280942	          0.83546804	         -0.24635647	          0.92360307	          0.29371048	         -0.80771126	         -0.36314626	          0.46446454	         -0.56387700	          0.98898393	          0.22538039	
          1.07000000	          0.54249740	         -0.12531564	          0.83065791	         -0.24586415	          0.92182724	          0.29964204	         -0.80327292	         -0.36678403	          0.46927826	         -0.56826025	          0.98028827	          0.22701573	
          1.08000000	          0.55345138	         -0.12791652	          0.82299996	         -0.24414519	          0.91981198	          0.30714661	         -0.79629435	         -0.37092220	          0.47784101	         -0.57128284	          0.96667222	          0.22713673	
          1.09000000	          0.56550724	         -0.12994386	          0.81444224	         -0.24229508	          0.91775756	          0.31466514	         -0.78834932	         -0.37528077	          0.48751378	         -0.57316906	          0.95176729	          0.22586213	
          1.10000000	          0.66958632	         -0.08007636	          0.73840499	         -0.24259993	          0.91606338	          0.31933236	         -0.70199675	         -0.39295758	          0.59395699	         -0.49330078	          0.83070206	          0.11902551	
          1.11000000	          0.55708925	         -0.13501686	          0.81940345	         -0.24681231	          0.91519233	          0.31860115	         -0.79292827	         -0.37972813	          0.47651998	         -0.58933970	          0.96036954	          0.23777645	
          1.12000000	          0.53708063	         -0.13726845	          0.83228707	         -0.25346971	          0.91481017	          0.31444469	         -0.80454801	         -0.37984172	          0.45653343	         -0.60314649	          0.98322072	          0.25022591	
          1.13000000	          0.51687955	         -0.13906230	          0.84468764	         -0.26019011	          0.91451710	          0.30977345	         -0.81555909	         -0.37989493	          0.43651255	         -0.61717668	          1.00598132	          0.26281870	
          1.14000000	          0.49982724	         -0.14092510	          0.85458343	         -0.26580658	          0.91410366	          0.30620476	         -0.82432978	         -0.38020338	          0.41943509	         -0.63060442	          1.02474816	          0.27481381	
          1.15000000	          0.48691191	         -0.14322465	          0.86162840	         -0.26995520	          0.91349081	          0.30439897	         -0.83068706	         -0.38081655	          0.40612531	         -0.64319372	          1.03846940	          0.28608029	
          1.16000000	          0.47811340	         -0.14603431	          0.86607249	         -0.27270029	          0.91266343	          0.30443391	         -0.83489049	         -0.38173215	          0.39653302	         -0.65475782	          1.04729173	          0.29643888	
          1.17000000	          0.47292031	         -0.14925315	          0.86837197	         -0.27430665	          0.91163175	          0.30607748	         -0.83731848	         -0.38295046	          0.39018804	         -0.66517828	          1.05190993	          0.30570561	
          1.18000000	          0.47058359	         -0.15272581	          0.86903735	         -0.27510908	          0.91041377	          0.30896888	         -0.83837109	         -0.38447575	          0.38640952	         -0.67449041	          1.05325323	          0.31382081	
          1.19000000	          0.47026254	         -0.15631569	          0.86857271	         -0.27544415	          0.90902813	          0.31272733	         -0.83844121	         -0.38630722	          0.38442563	         -0.68291404	          1.05231486	          0.32091113	
          1.20000000	          0.47111919	         -0.15993657	          0.86744856	         -0.27561703	          0.90749115	          0.31700957	         -0.83790331	         -0.38843289	          0.38345526	         -0.69082174	          1.05005091	          0.32727426	
          1.21000000	          0.47238385	         -0.16355598	          0.86608483	         -0.27588595	          0.90581612	          0.32153399	         -0.83710241	         -0.39082810	          0.38277010	         -0.69867070	          1.04731643	          0.33331708	
          1.22000000	          0.47340203	         -0.16718288	          0.86483548	         -0.27645452	          0.90401411	          0.32608493	         -0.83633930	         -0.39345694	          0.38174365	         -0.70692658	          1.04482258	          0.33948009	
          1.23000000	          0.47366558	         -0.17084871	          0.86397433	         -0.27746802	          0.90209593	          0.33050632	         -0.83585431	         -0.39627471	          0.37988673	         -0.71599840	          1.04310986	          0.34617053	
          1.24000000	          0.47282782	         -0.17458864	          0.86368551	         -0.27901271	          0.90007437	          0.33469097	         -0.83581443	         -0.39923044	          0.37686775	         -0.72619364	          1.04253655	          0.35371443	
          1.25000000	          0.47070442	         -0.17842669	          0.86406092	         -0.28111803	          0.89796624	          0.33856947	         -0.83630736	         -0.40226925	          0.37251771	         -0.73769306	          1.04328184	          0.36232811	
          1.26000000	          0.46726415	         -0.18236640	          0.86510503	         -0.28376081	          0.89579363	          0.34210171	         -0.83734343	         -0.40533477	          0.36682381	         -0.75053966	          1.04535972	          0.37210382	
          1.27000000	          0.46261467	         -0.18638669	          0.86674545	         -0.28687049	          0.89358422	          0.34527174	         -0.83886411	         -0.40837146	          0.35991633	         -0.76463422	          1.04863943	          0.38300247	
          1.28000000	          0.45698573	         -0.19044188	          0.86884748	         -0.29033481	          0.89137095	          0.34808552	         -0.84075546	         -0.41132678	          0.35205189	         -0.77973309	          1.05286959	          0.39484922	
          1.29000000	          0.45070856	         -0.19446466	          0.87123205	         -0.29400671	          0.88919116	          0.35056974	         -0.84286526	         -0.41415285	          0.34359215	         -0.79544965	          1.05770669	          0.40733321	
          1.30000000	          0.44418598	         -0.19837200	          0.87369752	         -0.29771452	          0.88708514	          0.35276908	         -0.84502360	         -0.41680751	          0.33497256	         -0.81126914	          1.06275194	          0.42002016	
          1.31000000	          0.43784696	         -0.20207417	          0.87604570	         -0.30127784	          0.88509399	          0.35473974	         -0.84706653	         -0.41925487	          0.32665525	         -0.82659102	          1.06760004	          0.43239076	
          1.32000000	          0.43208507	         -0.20548713	          0.87811021	         -0.30452905	          0.88325658	          0.35653874	         -0.84886074	         -0.42146513	          0.31906518	         -0.84080815	          1.07189801	          0.44391411	
          1.33000000	          0.42718891	         -0.20854757	          0.87978267	         -0.30733705	          0.88160586	          0.35821089	         -0.85032557	         -0.42341353	          0.31251785	         -0.85341754	          1.07540483	          0.45415167	
          1.34000000	          0.42327821	         -0.21122880	          0.88103232	         -0.30962818	          0.88016529	          0.35977695	         -0.85144932	         -0.42507818	          0.30715240	         -0.86414074	          1.07804002	          0.46287182	
          1.35000000	          0.42026058	         -0.21355438	          0.88191585	         -0.31139901	          0.87894595	          0.36122663	         -0.85229789	         -0.42643704	          0.30288571	         -0.87302119	          1.07991100	          0.47014438	
          1.36000000	          0.41782255	         -0.21560518	          0.88257505	         -0.31271757	          0.87794526	          0.36251874	         -0.85301351	         -0.42746523	          0.29940180	         -0.88046499	          1.08131120	          0.47638206	
          1.37000000	          0.41546970	         -0.21751162	          0.88321777	         -0.31371238	          0.87714763	          0.36358846	         -0.85379709	         -0.42813634	          0.29619217	         -0.88719461	          1.08267994	          0.48229538	
          1.38000000	          0.41263375	         -0.21941891	          0.88407507	         -0.31455151	          0.87652695	          0.36435951	         -0.85486299	         -0.42843418	          0.29266605	         -0.89408638	          1.08451118	          0.48872555	
          1.39000000	          0.40884355	         -0.22142328	          0.88533535	         -0.31541529	          0.87605052	          0.36475838	         -0.85636449	         -0.42837742	          0.28832732	         -0.90189889	          1.08721477	          0.49635912	
          1.40000000	          0.40387529	         -0.22351927	          0.88708730	         -0.31646721	          0.87568377	          0.36472790	         -0.85833167	         -0.42803863	          0.28293052	         -0.91103010	          1.09099642	          0.50547766	
          1.41000000	          0.39775713	         -0.22561893	          0.88931736	         -0.31782794	          0.87539448	          0.36423881	         -0.86068268	         -0.42752848	          0.27648640	         -0.92150930	          1.09585020	          0.51597371	
          1.42000000	          0.39065854	         -0.22762324	          0.89194931	         -0.31955677	          0.87515600	          0.36329803	         -0.86328986	         -0.42695392	          0.26914862	         -0.93317827	          1.10163833	          0.52757599	
          1.43000000	          0.38281323	         -0.22946716	          0.89487365	         -0.32164417	          0.87494885	          0.36195240	         -0.86602486	         -0.42639106	          0.26113522	         -0.94581051	          1.10814803	          0.53999533	
          1.44000000	          0.37451066	         -0.23111856	          0.89795655	         -0.32401691	          0.87476107	          0.36028615	         -0.86876626	         -0.42588411	          0.25272103	         -0.95910102	          1.11510398	          0.55291377	
          1.45000000	          0.36609785	         -0.23256035	          0.90104831	         -0.32655522	          0.87458751	          0.35841090	         -0.87139776	         -0.42545549	          0.24424081	         -0.97262558	          1.12218050	          0.56592973	
          1.46000000	          0.35795952	         -0.23377575	          0.90399883	         -0.32911732	          0.87442830	          0.35645048	         -0.87381163	         -0.42511652	          0.23607028	         -0.98583629	          1.12903216	          0.57853649	
          1.47000000	          0.35048818	         -0.23473161	          0.90667475	         -0.33156832	          0.87428744	          0.35451927	         -0.87591123	         -0.42487944	          0.22859785	         -0.99807771	          1.13533314	          0.59011871	
          1.48000000	          0.34403973	         -0.23537852	          0.90897394	         -0.33380038	          0.87417099	          0.35270721	         -0.87761835	         -0.42476114	          0.22218011	         -1.00866121	          1.14081597	          0.60001639	
          1.49000000	          0.33897551	         -0.23561514	          0.91081343	         -0.33574736	          0.87408506	          0.35106839	         -0.87884544	         -0.42480679	          0.21718627	         -1.01678086	          1.14525024	          0.60741640	
          1.50000000	          0.33653145	         -0.23489330	          0.91190554	         -0.33736989	          0.87403230	          0.34964138	         -0.87916332	         -0.42531479	          0.21489343	         -1.01970268	          1.14790351	          0.60937114	
          1.51000000	          0.33364707	         -0.23474419	          0.91300317	         -0.33864897	          0.87400437	          0.34847271	         -0.87977071	         -0.42545449	          0.21211312	         -1.02400896	          1.15058604	          0.61311817	
          1.52000000	          0.32875498	         -0.23588980	          0.91448136	         -0.33961433	          0.87400156	          0.34753902	         -0.88123905	         -0.42482616	          0.20722081	         -1.03313731	          1.15422430	          0.62239089	
          1.53000000	          0.32554523	         -0.23647311	          0.91547844	         -0.34030635	          0.87403348	          0.34678099	         -0.88216319	         -0.42443603	          0.20406413	         -1.03891092	          1.15669538	          0.62821930	
          1.54000000	          0.32873916	         -0.23417957	          0.91492650	         -0.34073908	          0.87411016	          0.34616226	         -0.88081068	         -0.42554830	          0.20756010	         -1.03066842	          1.15532577	          0.61897107	
          1.55000000	          0.33272903	         -0.23177092	          0.91409717	         -0.34090011	          0.87421256	          0.34574487	         -0.87924883	         -0.42665518	          0.21186516	         -1.02103353	          1.15327582	          0.60842401	
          1.56000000	          0.33556074	         -0.23026258	          0.91344301	         -0.34077096	          0.87432543	          0.34558674	         -0.87822215	         -0.42724019	          0.21492249	         -1.01442496	          1.15166550	          0.60140568	
          1.57000000	          0.33797832	         -0.22930936	          0.91279125	         -0.34035138	          0.87444500	          0.34569767	         -0.87745746	         -0.42750808	          0.21749769	         -1.00921417	          1.15006687	          0.59613215	
          1.58000000	          0.34039293	         -0.22868783	          0.91204963	         -0.33966552	          0.87456876	          0.34605899	         -0.87678959	         -0.42758785	          0.22001965	         -1.00447796	          1.14825473	          0.59157203	
          1.59000000	          0.34300450	         -0.22825253	          0.91117984	         -0.33875938	          0.87469216	          0.34663485	         -0.87612214	         -0.42756803	          0.22270066	         -0.99973657	          1.14613868	          0.58716020	
          1.60000000	          0.34584131	         -0.22791557	          0.91019134	         -0.33770289	          0.87480862	          0.34737104	         -0.87541450	         -0.42750951	          0.22557721	         -0.99485425	          1.14374580	          0.58268851	
          1.61000000	          0.34879775	         -0.22763511	          0.90913277	         -0.33658461	          0.87490996	          0.34820017	         -0.87467190	         -0.42745153	          0.22854815	         -0.98995609	          1.14119715	          0.57822032	
          1.62000000	          0.35165256	         -0.22742283	          0.90808553	         -0.33549816	          0.87498705	          0.34905392	         -0.87394591	         -0.42740673	          0.23139149	         -0.98539869	          1.13868968	          0.57407015	
          1.63000000	          0.35403747	         -0.22738084	          0.90716890	         -0.33452386	          0.87503063	          0.34987882	         -0.87335632	         -0.42733986	          0.23372931	         -0.98185093	          1.13650606	          0.57090831	
          1.64000000	          0.35539433	         -0.22773778	          0.90654861	         -0.33371274	          0.87503321	          0.35064610	         -0.87311550	         -0.42714446	          0.23498284	         -0.98039127	          1.13503419	          0.56988270	
          1.65000000	          0.35504913	         -0.22879918	          0.90641660	         -0.33308533	          0.87499427	          0.35133914	         -0.87349544	         -0.42665673	          0.23445630	         -0.98234023	          1.13472156	          0.57243940	
          1.66000000	          0.35320083	         -0.23043484	          0.90672430	         -0.33263233	          0.87493048	          0.35192668	         -0.87441690	         -0.42590661	          0.23237609	         -0.98721654	          1.13545062	          0.57807368	
          1.67000000	          0.35311698	         -0.23108533	          0.90659140	         -0.33227399	          0.87486814	          0.35241983	         -0.87458698	         -0.42568217	          0.23214715	         -0.98831317	          1.13513558	          0.57947322	
          1.68000000	          0.35358697	         -0.23142437	          0.90632169	         -0.33194206	          0.87480880	          0.35287963	         -0.87452314	         -0.42561993	          0.23250151	         -0.98821143	          1.13449692	          0.57953553	
          1.69000000	          0.35388298	         -0.23189650	          0.90608545	         -0.33153962	          0.87476452	          0.35336740	         -0.87455607	         -0.42545394	          0.23268140	         -0.98849067	          1.13393822	          0.58008606	
          1.70000000	          0.35918483	         -0.23011444	          0.90445210	         -0.33097656	          0.87472526	          0.35399185	         -0.87260574	         -0.42650095	          0.23802556	         -0.97883219	          1.13009356	          0.56977947	
          1.71000000	          0.36160893	         -0.22985365	          0.90355204	         -0.33028590	          0.87470056	          0.35469727	         -0.87186593	         -0.42669220	          0.24038212	         -0.97518681	          1.12798827	          0.56621506	
          1.72000000	          0.36221951	         -0.23052480	          0.90313639	         -0.32950071	          0.87470346	          0.35541966	         -0.87190958	         -0.42632402	          0.24087657	         -0.97517739	          1.12701922	          0.56677142	
          1.73000000	          0.36164573	         -0.23168994	          0.90306818	         -0.32868028	          0.87475557	          0.35605051	         -0.87245724	         -0.42558484	          0.24019970	         -0.97730601	          1.12686037	          0.56977732	
          1.74000000	          0.36025218	         -0.23304858	          0.90327555	         -0.32788728	          0.87487352	          0.35649159	         -0.87333172	         -0.42459944	          0.23876143	         -0.98065985	          1.12734344	          0.57419570	
          1.75000000	          0.35827905	         -0.23439599	          0.90371159	         -0.32716629	          0.87506945	          0.35667307	         -0.87441314	         -0.42345246	          0.23683258	         -0.98463892	          1.12836080	          0.57934133	
          1.76000000	          0.35592800	         -0.23558883	          0.90433023	         -0.32653073	          0.87535417	          0.35655680	         -0.87561004	         -0.42220016	          0.23463606	         -0.98877530	          1.12980794	          0.58469552	
          1.77000000	          0.35344070	         -0.23651318	          0.90506419	         -0.32595132	          0.87574016	          0.35613889	         -0.87683260	         -0.42088085	          0.23243043	         -0.99256756	          1.13153063	          0.58973616	
          1.78000000	          0.35113750	         -0.23706997	          0.90581471	         -0.32534934	          0.87624310	          0.35545159	         -0.87798078	         -0.41951861	          0.23055126	         -0.99539532	          1.13329874	          0.59385169	
          1.79000000	          0.34936042	         -0.23720512	          0.90646623	         -0.32459546	          0.87688149	          0.35456543	         -0.87896819	         -0.41810595	          0.22935198	         -0.99663605	          1.13483907	          0.59647175	
          1.80000000	          0.34766627	         -0.23731038	          0.90708983	         -0.32350961	          0.87766937	          0.35360713	         -0.88003960	         -0.41638954	          0.22836385	         -0.99737062	          1.13631816	          0.59893944	
          1.81000000	          0.35224388	         -0.23471240	          0.90599909	         -0.32187306	          0.87861204	          0.35275858	         -0.87881852	         -0.41587375	          0.23393811	         -0.98521996	          1.13373414	          0.58777290	
          1.82000000	          0.35134582	         -0.23511693	          0.90624287	         -0.31954323	          0.87971772	          0.35212052	         -0.88002741	         -0.41329985	          0.23395512	         -0.98435229	          1.13431044	          0.58974715	
          1.83000000	          0.35820921	         -0.23233494	          0.90427133	         -0.31646757	          0.88099052	          0.35171576	         -0.87837033	         -0.41216038	          0.24205244	         -0.96803061	          1.12966997	          0.57539129	
          1.84000000	          0.36687204	         -0.22922805	          0.90158716	         -0.31263940	          0.88241366	          0.35157180	         -0.87616295	         -0.41085353	          0.25206718	         -0.94877026	          1.12342451	          0.55846803	
          1.85000000	          0.37729946	         -0.22577105	          0.89814951	         -0.30814539	          0.88396120	          0.35165185	         -0.87332213	         -0.40943869	          0.26394777	         -0.92691516	          1.11554264	          0.53923255	
          1.86000000	          0.38894727	         -0.22206711	          0.89409519	         -0.30317726	          0.88560079	          0.35184484	         -0.86994458	         -0.40791842	          0.27712631	         -0.90363887	          1.10640690	          0.51878075	
          1.87000000	          0.40096510	         -0.21829359	          0.88970495	         -0.29800159	          0.88729311	          0.35200281	         -0.86626903	         -0.40627434	          0.29072174	         -0.88045659	          1.09669848	          0.49854938	
          1.88000000	          0.41239705	         -0.21466638	          0.88535135	         -0.29290741	          0.88899440	          0.35198609	         -0.86263197	         -0.40448400	          0.30374130	         -0.85884031	          1.08724919	          0.47993895	
          1.89000000	          0.42237061	         -0.21141331	          0.88142355	         -0.28814220	          0.89066161	          0.35170437	         -0.85940511	         -0.40252491	          0.31527219	         -0.83996681	          1.07886769	          0.46407938	
          1.90000000	          0.43024959	         -0.20875588	          0.87824044	         -0.28385218	          0.89225773	          0.35114681	         -0.85692078	         -0.40037124	          0.32463771	         -0.82460521	          1.07217028	          0.45173536	
          1.91000000	          0.43571103	         -0.20690034	          0.87598410	         -0.28004906	          0.89375463	          0.35039289	         -0.85541126	         -0.39798858	          0.33147651	         -0.81313299	          1.06747232	          0.44333147	
          1.92000000	          0.43874414	         -0.20603144	          0.87467401	         -0.27661462	          0.89513252	          0.34960280	         -0.85497832	         -0.39533380	          0.33574284	         -0.80561872	          1.06476287	          0.43902796	
          1.93000000	          0.43963635	         -0.20628348	          0.87416646	         -0.27333845	          0.89637639	          0.34899206	         -0.85557348	         -0.39237290	          0.33769444	         -0.80184905	          1.06371674	          0.43871680	
          1.94000000	          0.43897208	         -0.20769131	          0.87416694	         -0.26997028	          0.89747247	          0.34879682	         -0.85698282	         -0.38911116	          0.33789487	         -0.80127287	          1.06371772	          0.44192231	
          1.95000000	          0.43758102	         -0.21016274	          0.87427368	         -0.26626756	          0.89840837	          0.34923343	         -0.85885065	         -0.38560865	          0.33716693	         -0.80297574	          1.06393757	          0.44774998	
          1.96000000	          0.43643593	         -0.21346962	          0.87404485	         -0.26203778	          0.89917761	          0.35045090	         -0.86073218	         -0.38198213	          0.33649631	         -0.80570928	          1.06346637	          0.45490593	
          1.97000000	          0.43651047	         -0.21724192	          0.87307764	         -0.25718429	          0.89978870	          0.35247204	         -0.86215709	         -0.37839959	          0.33689598	         -0.80798902	          1.06147914	          0.46178877	
          1.98000000	          0.43857496	         -0.22096694	          0.87110598	         -0.25176154	          0.90028040	          0.35512156	         -0.86270976	         -0.37505840	          0.33920946	         -0.80831131	          1.05744990	          0.46670639	
          1.99000000	          0.44281245	         -0.22404529	          0.86817097	         -0.24603993	          0.90074418	          0.35794452	         -0.86219573	         -0.37210702	          0.34373665	         -0.80564372	          1.05150477	          0.46840406	
          2.00000000	          0.44765608	         -0.22617161	          0.86513030	         -0.24057218	          0.90135230	          0.36012368	         -0.86123694	         -0.36933783	          0.34908524	         -0.80096134	          1.04541011	          0.46782700	
          2.01000000	          0.49928634	         -0.20558047	          0.84169461	         -0.23620015	          0.90235427	          0.36050834	         -0.83362020	         -0.37880528	          0.40197502	         -0.73106796	          1.00041403	          0.39059331	
          2.02000000	          0.48955631	         -0.20896938	          0.84656152	         -0.23359747	          0.90394174	          0.35821999	         -0.84009930	         -0.37312349	          0.39371566	         -0.73822745	          1.00949195	          0.40344050	
          2.03000000	          0.47140317	         -0.21336033	          0.85571982	         -0.23223051	          0.90601905	          0.35383395	         -0.85079259	         -0.36552270	          0.37755148	         -0.75298130	          1.02694037	          0.42501971	
          2.04000000	          0.50534435	         -0.19360078	          0.84091963	         -0.23157630	          0.90833355	          0.34828519	         -0.83126380	         -0.37074101	          0.41418788	         -0.69917963	          0.99898035	          0.36585885	
          2.05000000	          0.48466113	         -0.19705683	          0.85221605	         -0.23117622	          0.91079286	          0.34207298	         -0.84360011	         -0.36280156	          0.39587104	         -0.71262428	          1.02020644	          0.38617175	
          2.06000000	          0.47943891	         -0.19471026	          0.85570220	         -0.23006422	          0.91308497	          0.33666940	         -0.84688181	         -0.35827887	          0.39297260	         -0.70838527	          1.02690631	          0.38577202	
          2.07000000	          0.47893205	         -0.19202715	          0.85659189	         -0.22793406	          0.91511302	          0.33258716	         -0.84774416	         -0.35453312	          0.39450742	         -0.70044193	          1.02862808	          0.38132389	
          2.08000000	          0.48239640	         -0.18909592	          0.85529904	         -0.22497172	          0.91692281	          0.32960625	         -0.84657040	         -0.35141896	          0.39977903	         -0.68948525	          1.02612771	          0.37358462	
          2.09000000	          0.48883882	         -0.18592104	          0.85233208	         -0.22143287	          0.91858346	          0.32737121	         -0.84380335	         -0.34876610	          0.40787023	         -0.67634601	          1.02042825	          0.36343708	
          2.10000000	          0.49741270	         -0.18250272	          0.84809986	         -0.21752097	          0.92015192	          0.32558420	         -0.83980071	         -0.34642922	          0.41799708	         -0.66175137	          1.01238865	          0.35165400	
          2.11000000	          0.50747424	         -0.17887548	          0.84289588	         -0.21337094	          0.92166282	          0.32405323	         -0.83483097	         -0.34429815	          0.42955331	         -0.64630851	          1.00264266	          0.33888414	
          2.12000000	          0.51854557	         -0.17511312	          0.83692645	         -0.20906958	          0.92312737	          0.32268525	         -0.82909614	         -0.34230287	          0.44207278	         -0.63053661	          0.99164319	          0.32567588	
          2.13000000	          0.53023861	         -0.17132034	          0.83035917	         -0.20468603	          0.92453731	          0.32145666	         -0.82277010	         -0.34041166	          0.45515850	         -0.61490970	          0.97975194	          0.31251287	
          2.14000000	          0.54214484	         -0.16762288	          0.82339634	         -0.20030714	          0.92587206	          0.32037163	         -0.81606128	         -0.33862000	          0.46838070	         -0.59990568	          0.96737039	          0.29986167	
