name C:\Users\u0101727\Documents\MyRepositories\upper-imu-dc\Results\main_tracking\Case_22\SHRUG01_orientations_groundFrame.mot
datacolumns 13
datarows 200
range 0.710000 2.700000
endheader 
time	radius_imu_[0][0]	radius_imu_[0][1]	radius_imu_[0][2]	radius_imu_[1][0]	radius_imu_[1][1]	radius_imu_[1][2]	radius_imu_[2][0]	radius_imu_[2][1]	radius_imu_[2][2]	radius_imu_x	radius_imu_y	radius_imu_z	
          0.71000000	          0.56527229	         -0.11651400	          0.81663439	         -0.18554760	          0.94664684	          0.26349922	         -0.80376571	         -0.30047336	          0.51349434	         -0.47411157	          0.95555534	          0.20327331	
          0.72000000	          0.55965812	         -0.11700440	          0.82042230	         -0.18660044	          0.94676894	          0.26231440	         -0.80744230	         -0.29989755	          0.50803386	         -0.47662809	          0.96214923	          0.20609562	
          0.73000000	          0.55426768	         -0.11750182	          0.82400283	         -0.18864508	          0.94648927	          0.26186084	         -0.81067896	         -0.30058508	          0.50244227	         -0.48044453	          0.96843998	          0.20890189	
          0.74000000	          0.54906336	         -0.11800090	          0.82740874	         -0.19134375	          0.94594207	          0.26188007	         -0.81358282	         -0.30210824	          0.49680339	         -0.48511546	          0.97447781	          0.21169308	
          0.75000000	          0.54419759	         -0.11848456	          0.83054825	         -0.19441478	          0.94521892	          0.26222908	         -0.81612001	         -0.30417529	          0.49135071	         -0.49023516	          0.98009134	          0.21437779	
          0.76000000	          0.54000810	         -0.11893449	          0.83321416	         -0.19760626	          0.94437832	          0.26287135	         -0.81813386	         -0.30660099	          0.48646975	         -0.49541602	          0.98489523	          0.21678470	
          0.77000000	          0.53699156	         -0.11934080	          0.83510349	         -0.20068040	          0.94345204	          0.26386670	         -0.81937015	         -0.30928309	          0.48267642	         -0.50028615	          0.98832089	          0.21868552	
          0.78000000	          0.53577407	         -0.11970811	          0.83583259	         -0.20340158	          0.94245004	          0.26535961	         -0.81949615	         -0.31218246	          0.48059147	         -0.50449402	          0.98964764	          0.21981979	
          0.79000000	          0.53710625	         -0.12004955	          0.83492813	         -0.20551989	          0.94136662	          0.26756394	         -0.81809440	         -0.31530460	          0.48094133	         -0.50769304	          0.98800218	          0.21989744	
          0.80000000	          0.54187897	         -0.12035308	          0.83179464	         -0.20675752	          0.94018949	          0.27073059	         -0.81462783	         -0.31868301	          0.48458501	         -0.50948702	          0.98233299	          0.21855556	
          0.81000000	          0.55111271	         -0.12050424	          0.82568366	         -0.20682375	          0.93891260	          0.27507647	         -0.80839268	         -0.32236913	          0.49252353	         -0.50934891	          0.97141301	          0.21526824	
          0.82000000	          0.56583278	         -0.12014383	          0.81571976	         -0.20550284	          0.93755587	          0.28063779	         -0.79849975	         -0.32642679	          0.50580995	         -0.50654278	          0.95397240	          0.20922367	
          0.83000000	          0.58668706	         -0.11846164	          0.80110245	         -0.20287373	          0.93619749	          0.28701308	         -0.78399015	         -0.33090950	          0.52522220	         -0.50012153	          0.92913490	          0.19923740	
          0.84000000	          0.61220515	         -0.11419540	          0.78240927	         -0.19988130	          0.93502658	          0.29286986	         -0.76501785	         -0.33568542	          0.54960256	         -0.48960099	          0.89852514	          0.18441194	
          0.85000000	          0.62203280	         -0.11267151	          0.77484213	         -0.19892075	          0.93438417	          0.29556176	         -0.75730161	         -0.33798128	          0.55880490	         -0.48651318	          0.88646532	          0.17919147	
          0.86000000	          0.61795238	         -0.11191403	          0.77820955	         -0.20121299	          0.93434067	          0.29414426	         -0.76003171	         -0.33835301	          0.55485948	         -0.48745528	          0.89180975	          0.17916268	
          0.87000000	          0.60738961	         -0.11239761	          0.78641251	         -0.20423681	          0.93457055	          0.29131634	         -0.76770123	         -0.33755690	          0.54469271	         -0.49111945	          0.90497953	          0.18298037	
          0.88000000	          0.59671727	         -0.11421379	          0.79428189	         -0.20621752	          0.93475054	          0.28933677	         -0.77550167	         -0.33644709	          0.53422890	         -0.49636889	          0.91782468	          0.18911622	
          0.89000000	          0.60302734	         -0.11132262	          0.78991474	         -0.20645960	          0.93469622	          0.28933960	         -0.77054036	         -0.33756518	          0.54066376	         -0.49137550	          0.91066995	          0.18255102	
          0.90000000	          0.61797141	         -0.10748614	          0.77881838	         -0.20477955	          0.93441108	          0.29144684	         -0.75906302	         -0.33959189	          0.55542837	         -0.48323095	          0.89277980	          0.17221101	
          0.91000000	          0.62476760	         -0.10697280	          0.77344830	         -0.20340636	          0.93407044	          0.29349322	         -0.75385098	         -0.34068935	          0.56181800	         -0.48140590	          0.88426340	          0.16957579	
          0.92000000	          0.61903498	         -0.10956861	          0.77768272	         -0.20406451	          0.93376903	          0.29399501	         -0.75838867	         -0.34069064	          0.55567663	         -0.48663671	          0.89097129	          0.17518466	
          0.93000000	          0.61419445	         -0.11112328	          0.78129175	         -0.20549586	          0.93335967	          0.29429776	         -0.76192954	         -0.34130827	          0.55042896	         -0.49099727	          0.89673270	          0.17898900	
          0.94000000	          0.61279323	         -0.11228345	          0.78222560	         -0.20641266	          0.93274786	          0.29559302	         -0.76280946	         -0.34259867	          0.54840485	         -0.49436268	          0.89823026	          0.18122193	
          0.95000000	          0.61540967	         -0.11256969	          0.78012756	         -0.20702569	          0.93191415	          0.29778579	         -0.76053356	         -0.34476671	          0.55020416	         -0.49608339	          0.89486968	          0.18091821	
          0.96000000	          0.61684703	         -0.11396385	          0.77878879	         -0.20761183	          0.93086088	          0.30065819	         -0.75920819	         -0.34714588	          0.55053853	         -0.49985678	          0.89273263	          0.18269216	
          0.97000000	          0.61652870	         -0.11644355	          0.77867404	         -0.20813129	          0.92971686	          0.30382219	         -0.75932452	         -0.34938154	          0.54896158	         -0.50548727	          0.89254971	          0.18667074	
          0.98000000	          0.62110153	         -0.11529114	          0.77520375	         -0.20949639	          0.92870497	          0.30597115	         -0.75521133	         -0.35244154	          0.55266699	         -0.50562329	          0.88703756	          0.18353473	
          0.99000000	          0.62077697	         -0.11363206	          0.77570852	         -0.21254838	          0.92798992	          0.30603576	         -0.75462516	         -0.35485555	          0.55192247	         -0.50628427	          0.88783701	          0.18104382	
          1.00000000	          0.60453454	         -0.11556645	          0.78815124	         -0.21806034	          0.92761740	          0.30327487	         -0.76615121	         -0.35520466	          0.53557630	         -0.51524033	          0.90779943	          0.18888708	
          1.01000000	          0.58087595	         -0.11865707	          0.80529723	         -0.22499737	          0.92736829	          0.29893852	         -0.78227828	         -0.35483596	          0.51198841	         -0.52848038	          0.93617664	          0.20150048	
          1.02000000	          0.56099715	         -0.12019196	          0.81904584	         -0.23178285	          0.92702365	          0.29479462	         -0.79470681	         -0.35521973	          0.49219918	         -0.53963501	          0.95974596	          0.21105633	
          1.03000000	          0.54615921	         -0.12106919	          0.82888622	         -0.23760307	          0.92647188	          0.29188119	         -0.80327760	         -0.35635951	          0.47723474	         -0.54891203	          0.97711378	          0.21814627	
          1.04000000	          0.53676380	         -0.12192101	          0.83487717	         -0.24206531	          0.92565402	          0.29080753	         -0.80826296	         -0.35818975	          0.46734473	         -0.55662284	          0.98790960	          0.22335123	
          1.05000000	          0.53293949	         -0.12313677	          0.83714565	         -0.24495395	          0.92453919	          0.29193296	         -0.80992164	         -0.36064473	          0.46256060	         -0.56299076	          0.99204381	          0.22706737	
          1.06000000	          0.53465910	         -0.12488808	          0.83578862	         -0.24615860	          0.92311496	          0.29540603	         -0.80842166	         -0.36367808	          0.46280954	         -0.56809810	          0.98956754	          0.22947012	
          1.07000000	          0.54160266	         -0.12709084	          0.83097201	         -0.24572915	          0.92139486	          0.30107922	         -0.80391774	         -0.36725936	          0.46779998	         -0.57186770	          0.98085264	          0.23048685	
          1.08000000	          0.55269735	         -0.12934044	          0.82328409	         -0.24406192	          0.91944980	          0.30829506	         -0.79684341	         -0.37132616	          0.47661040	         -0.57415707	          0.96717259	          0.22987996	
          1.09000000	          0.56493031	         -0.13102169	          0.81466991	         -0.24224388	          0.91747125	          0.31553829	         -0.78877858	         -0.37560594	          0.48656812	         -0.57531837	          0.95215977	          0.22789629	
          1.10000000	          0.66934605	         -0.08075637	          0.73854876	         -0.24255740	          0.91585108	          0.31997297	         -0.70224054	         -0.39331311	          0.59343325	         -0.49450553	          0.83091528	          0.12006930	
          1.11000000	          0.55666768	         -0.13563941	          0.81958712	         -0.24677286	          0.91504756	          0.31904721	         -0.79323656	         -0.37985513	          0.47590528	         -0.59058323	          0.96069003	          0.23900575	
          1.12000000	          0.53687790	         -0.13763021	          0.83235812	         -0.25344196	          0.91472272	          0.31472135	         -0.80469205	         -0.37992141	          0.45621315	         -0.60388537	          0.98334890	          0.25094888	
          1.13000000	          0.51684946	         -0.13921241	          0.84468132	         -0.26017057	          0.91447628	          0.30991033	         -0.81558440	         -0.37993821	          0.43642760	         -0.61747708	          1.00596953	          0.26310411	
          1.14000000	          0.49990453	         -0.14091744	          0.85453949	         -0.26579421	          0.91409934	          0.30622841	         -0.82428690	         -0.38021662	          0.41950736	         -0.63055915	          1.02466354	          0.27475923	
          1.15000000	          0.48703680	         -0.14311086	          0.86157672	         -0.26994872	          0.91351375	          0.30433587	         -0.83061594	         -0.38080430	          0.40628222	         -0.64290888	          1.03836758	          0.28579583	
          1.16000000	          0.47823724	         -0.14585981	          0.86603352	         -0.27269872	          0.91270558	          0.30430894	         -0.83482007	         -0.38169811	          0.39671402	         -0.65433911	          1.04721378	          0.29603273	
          1.17000000	          0.47300802	         -0.14905496	          0.86835824	         -0.27430935	          0.91168622	          0.30591277	         -0.83726806	         -0.38289798	          0.39034772	         -0.66471825	          1.05188225	          0.30527129	
          1.18000000	          0.47061422	         -0.15253191	          0.86905482	         -0.27511539	          0.91047480	          0.30878337	         -0.83835182	         -0.38440820	          0.38651851	         -0.67405995	          1.05328855	          0.31342890	
          1.19000000	          0.47022820	         -0.15614526	          0.86862195	         -0.27545322	          0.90909098	          0.31253656	         -0.83845749	         -0.38622822	          0.38446950	         -0.68255950	          1.05241424	          0.32060658	
          1.20000000	          0.47102283	         -0.15980085	          0.86752590	         -0.27562774	          0.90755208	          0.31682576	         -0.83795396	         -0.38834637	          0.38343220	         -0.69056646	          1.05020639	          0.32707817	
          1.21000000	          0.47223633	         -0.16345950	          0.86618349	         -0.27589708	          0.90587229	          0.32136615	         -0.83718197	         -0.39073827	          0.38268780	         -0.69851947	          1.04751382	          0.33323122	
          1.22000000	          0.47321922	         -0.16712484	          0.86494674	         -0.27646497	          0.90406349	          0.32593915	         -0.83643929	         -0.39336815	          0.38161605	         -0.70687085	          1.04504423	          0.33949234	
          1.23000000	          0.47346569	         -0.17082449	          0.86408867	         -0.27747703	          0.90213716	          0.33038620	         -0.83596455	         -0.39619129	          0.37973112	         -0.71602128	          1.04333699	          0.34626000	
          1.24000000	          0.47262921	         -0.17459119	          0.86379370	         -0.27902002	          0.90010664	          0.33459806	         -0.83592432	         -0.39915655	          0.37670225	         -0.72627389	          1.04275124	          0.35385571	
          1.25000000	          0.47052384	         -0.17844785	          0.86415489	         -0.28112392	          0.89798914	          0.33850383	         -0.83640699	         -0.40220873	          0.37235934	         -0.73780821	          1.04346857	          0.36249462	
          1.26000000	          0.46711556	         -0.18239803	          0.86517860	         -0.28376607	          0.89580701	          0.34206230	         -0.83742455	         -0.40529095	          0.36668702	         -0.75066822	          1.04550642	          0.37227031	
          1.27000000	          0.46250835	         -0.18642158	          0.86679468	         -0.28687627	          0.89358812	          0.34525683	         -0.83892075	         -0.40834699	          0.35981204	         -0.76475742	          1.04873816	          0.38314704	
          1.28000000	          0.45692779	         -0.19047447	          0.86887080	         -0.29034232	          0.89136558	          0.34809301	         -0.84078436	         -0.41132333	          0.35198690	         -0.77983616	          1.05291671	          0.39495500	
          1.29000000	          0.45070071	         -0.19449153	          0.87123012	         -0.29401686	          0.88917691	          0.35059736	         -0.84286592	         -0.41417082	          0.34356887	         -0.79552290	          1.05770275	          0.40738980	
          1.30000000	          0.44422561	         -0.19839211	          0.87367281	         -0.29772753	          0.88706270	          0.35281451	         -0.84499818	         -0.41684569	          0.33498918	         -0.81130866	          1.06270113	          0.42002468	
          1.31000000	          0.43792751	         -0.20208889	          0.87600204	         -0.30129279	          0.88506449	          0.35480066	         -0.84701957	         -0.41931007	          0.32670616	         -0.82659893	          1.06750951	          0.43234848	
          1.32000000	          0.43219666	         -0.20549995	          0.87805228	         -0.30454349	          0.88322170	          0.35661281	         -0.84879874	         -0.42153197	          0.31914180	         -0.84079205	          1.07177697	          0.44383816	
          1.33000000	          0.42731941	         -0.20856355	          0.87971550	         -0.30734678	          0.88156804	          0.35829561	         -0.85025648	         -0.42348439	          0.31260980	         -0.85338897	          1.07526356	          0.45406149	
          1.34000000	          0.42341474	         -0.21125365	          0.88096075	         -0.30962709	          0.88012784	          0.35986949	         -0.85138183	         -0.42514336	          0.30724925	         -0.86411206	          1.07788876	          0.46278998	
          1.35000000	          0.42039174	         -0.21359318	          0.88184394	         -0.31137907	          0.87891314	          0.36132362	         -0.85224049	         -0.42648522	          0.30297938	         -0.87300112	          1.07975847	          0.47009172	
          1.36000000	          0.41794128	         -0.21566079	          0.88250525	         -0.31266884	          0.87792239	          0.36261614	         -0.85297320	         -0.42748415	          0.29948960	         -0.88045293	          1.08116275	          0.47637136	
          1.37000000	          0.41557640	         -0.21758306	          0.88314997	         -0.31362310	          0.87714096	          0.36368158	         -0.85377796	         -0.42811371	          0.29628001	         -0.88717482	          1.08253538	          0.48232481	
          1.38000000	          0.41273882	         -0.21950011	          0.88400586	         -0.31440832	          0.87654353	          0.36444320	         -0.85486494	         -0.42835865	          0.29277089	         -0.89402364	          1.08436311	          0.48877338	
          1.39000000	          0.40896810	         -0.22150271	          0.88525795	         -0.31520365	          0.87609798	          0.36482735	         -0.85638295	         -0.42823928	          0.28847766	         -0.90173726	          1.08704834	          0.49638177	
          1.40000000	          0.40405021	         -0.22358059	          0.88699219	         -0.31617209	          0.87576983	          0.36477721	         -0.85835810	         -0.42783049	          0.28316505	         -0.91069426	          1.09079041	          0.50541041	
          1.41000000	          0.39802199	         -0.22564145	          0.88919313	         -0.31743496	          0.87552652	          0.36426414	         -0.86070526	         -0.42724612	          0.27685232	         -0.92090573	          1.09557862	          0.51573091	
          1.42000000	          0.39105910	         -0.22758250	          0.89178416	         -0.31905405	          0.87534045	          0.36329549	         -0.86329444	         -0.42659736	          0.26969873	         -0.93219800	          1.10127320	          0.52705251	
          1.43000000	          0.38339481	         -0.22933653	          0.89465813	         -0.32102503	          0.87519061	          0.36191758	         -0.86599731	         -0.42596498	          0.26192077	         -0.94433892	          1.10766539	          0.53907524	
          1.44000000	          0.37530621	         -0.23087248	          0.89768767	         -0.32328325	          0.87506287	          0.36021231	         -0.86869626	         -0.42539730	          0.25377932	         -0.95703852	          1.11449337	          0.55149033	
          1.45000000	          0.36711014	         -0.23218002	          0.90073447	         -0.32572113	          0.87494932	          0.35828681	         -0.87128405	         -0.42491897	          0.24557682	         -0.96992300	          1.12145745	          0.56394106	
          1.46000000	          0.35913618	         -0.23325726	          0.90366601	         -0.32821287	          0.87484692	          0.35625718	         -0.87366900	         -0.42453966	          0.23763114	         -0.98254822	          1.12825434	          0.57602034	
          1.47000000	          0.35166900	         -0.23411104	          0.90637792	         -0.33064001	          0.87475627	          0.35422966	         -0.87578884	         -0.42425639	          0.23021819	         -0.99448280	          1.13462999	          0.58734289	
          1.48000000	          0.34497326	         -0.23472513	          0.90878906	         -0.33291048	          0.87467967	          0.35228694	         -0.87758992	         -0.42407498	          0.22359864	         -1.00524783	          1.14037268	          0.59746069	
          1.49000000	          0.33962469	         -0.23492435	          0.91075003	         -0.33495294	          0.87461404	          0.35050937	         -0.87889795	         -0.42410003	          0.21835192	         -1.01366820	          1.14509668	          0.60514560	
          1.50000000	          0.33590048	         -0.23467071	          0.91219544	         -0.33671287	          0.87455170	          0.34897531	         -0.87965636	         -0.42436892	          0.21474569	         -1.01915869	          1.14861044	          0.60980702	
          1.51000000	          0.33122054	         -0.23516914	          0.91377701	         -0.33821004	          0.87450049	          0.34765335	         -0.88085579	         -0.42419849	          0.21011596	         -1.02715988	          1.15248697	          0.61741103	
          1.52000000	          0.33084071	         -0.23382882	          0.91425845	         -0.33946796	          0.87447251	          0.34649578	         -0.88051458	         -0.42499636	          0.20993371	         -1.02606695	          1.15367373	          0.61525623	
          1.53000000	          0.32710848	         -0.23436819	          0.91546250	         -0.34047344	          0.87446435	          0.34552849	         -0.88152021	         -0.42471596	          0.20624857	         -1.03265378	          1.15665577	          0.62170398	
          1.54000000	          0.32708913	         -0.23344857	          0.91570436	         -0.34118977	          0.87446918	          0.34480893	         -0.88125038	         -0.42521221	          0.20637910	         -1.03145711	          1.15725721	          0.61987178	
          1.55000000	          0.32665952	         -0.23309756	          0.91594710	         -0.34158358	          0.87448921	          0.34436795	         -0.88125718	         -0.42536356	          0.20603793	         -1.03162225	          1.15786168	          0.61978175	
          1.56000000	          0.32529075	         -0.23356913	          0.91631402	         -0.34163182	          0.87453683	          0.34419911	         -0.88174465	         -0.42500681	          0.20468410	         -1.03430685	          1.15877698	          0.62272565	
          1.57000000	          0.33020898	         -0.23142635	          0.91509774	         -0.34131572	          0.87460191	          0.34434731	         -0.88003728	         -0.42604382	          0.20981196	         -1.02356423	          1.15575024	          0.61129496	
          1.58000000	          0.33651093	         -0.22904784	          0.91339886	         -0.34064805	          0.87466960	          0.34483618	         -0.87790620	         -0.42718868	          0.21631118	         -1.01055427	          1.15155703	          0.59762441	
          1.59000000	          0.34125530	         -0.22777802	          0.91195504	         -0.33970275	          0.87473606	          0.34559928	         -0.87643988	         -0.42773122	          0.22113149	         -1.00158998	          1.14802413	          0.58855925	
          1.60000000	          0.34509348	         -0.22716871	          0.91066178	         -0.33858140	          0.87480324	          0.34652839	         -0.87537028	         -0.42791782	          0.22497379	         -0.99496834	          1.14488301	          0.58217512	
          1.61000000	          0.34831427	         -0.22693704	          0.90949258	         -0.33739884	          0.87486930	          0.34751364	         -0.87455085	         -0.42790571	          0.22816116	         -0.98982814	          1.14206184	          0.57744973	
          1.62000000	          0.35090621	         -0.22697649	          0.90848583	         -0.33625998	          0.87492593	          0.34847360	         -0.87395312	         -0.42776897	          0.23069383	         -0.98602286	          1.13964653	          0.57414317	
          1.63000000	          0.35254257	         -0.22738256	          0.90775047	         -0.33524094	          0.87496091	          0.34936644	         -0.87368601	         -0.42748167	          0.23223303	         -0.98413833	          1.13789028	          0.57283742	
          1.64000000	          0.35258954	         -0.22843718	          0.90746739	         -0.33438389	          0.87496462	          0.35017755	         -0.87399544	         -0.42691143	          0.23211766	         -0.98543578	          1.13721600	          0.57488637	
          1.65000000	          0.35092623	         -0.23017234	          0.90767366	         -0.33369565	          0.87494340	          0.35088638	         -0.87492742	         -0.42602199	          0.23023308	         -0.99011190	          1.13770723	          0.58051132	
          1.66000000	          0.35253512	         -0.23023727	          0.90703351	         -0.33309518	          0.87490741	          0.35154605	         -0.87450934	         -0.42606082	          0.23174467	         -0.98796986	          1.13618439	          0.57854460	
          1.67000000	          0.34949685	         -0.23265933	          0.90759109	         -0.33249331	          0.87483344	          0.35229910	         -0.87595671	         -0.42489539	          0.22839386	         -0.99562040	          1.13751053	          0.58733163	
          1.68000000	          0.35608053	         -0.23049462	          0.90558207	         -0.33184404	          0.87474535	          0.35312901	         -0.87354804	         -0.42625438	          0.23499152	         -0.98363293	          1.13274997	          0.57448212	
          1.69000000	          0.36046958	         -0.22937183	          0.90412955	         -0.33117719	          0.87467176	          0.35393641	         -0.87199963	         -0.42701039	          0.23932985	         -0.97622651	          1.12933802	          0.56669386	
          1.70000000	          0.36269432	         -0.22929873	          0.90325795	         -0.33047259	          0.87461826	          0.35472634	         -0.87134419	         -0.42715922	          0.24144213	         -0.97317986	          1.12730242	          0.56376675	
          1.71000000	          0.36337916	         -0.22994354	          0.90281867	         -0.32972116	          0.87460097	          0.35546743	         -0.87134353	         -0.42684787	          0.24199452	         -0.97308765	          1.12627980	          0.56418316	
          1.72000000	          0.36299590	         -0.23099902	          0.90270340	         -0.32894771	          0.87463743	          0.35609377	         -0.87179549	         -0.42620279	          0.24150321	         -0.97485076	          1.12601181	          0.56673240	
          1.73000000	          0.36182658	         -0.23225012	          0.90285182	         -0.32818879	          0.87473939	          0.35654329	         -0.87256727	         -0.42531269	          0.24028208	         -0.97778816	          1.12635688	          0.57064747	
          1.74000000	          0.36004250	         -0.23354492	          0.90323096	         -0.32748231	          0.87491456	          0.35676301	         -0.87357011	         -0.42424200	          0.23852460	         -0.98147031	          1.12723953	          0.57543215	
          1.75000000	          0.35776941	         -0.23477012	          0.90381638	         -0.32685552	          0.87516952	          0.35671245	         -0.87473797	         -0.42303818	          0.23637298	         -0.98558458	          1.12860560	          0.58072498	
          1.76000000	          0.35514131	         -0.23583533	          0.90457523	         -0.32631090	          0.87551232	          0.35636972	         -0.87601133	         -0.42173437	          0.23397495	         -0.98982950	          1.13038228	          0.58619619	
          1.77000000	          0.35232523	         -0.23667555	          0.90545658	         -0.32581113	          0.87595388	          0.35574135	         -0.87733348	         -0.42034449	          0.23150913	         -0.99387342	          1.13245421	          0.59151568	
          1.78000000	          0.34942652	         -0.23731138	          0.90641294	         -0.32526725	          0.87650771	          0.35487386	         -0.87869353	         -0.41882878	          0.22908542	         -0.99756252	          1.13471289	          0.59659197	
          1.79000000	          0.34606714	         -0.23805892	          0.90750509	         -0.32453529	          0.87718712	          0.35386382	         -0.88029221	         -0.41697807	          0.22630711	         -1.00181547	          1.13730573	          0.60255762	
          1.80000000	          0.34824330	         -0.23629852	          0.90713263	         -0.32341221	          0.87800317	          0.35286679	         -0.87984723	         -0.41626126	          0.22933690	         -0.99447393	          1.13641987	          0.59618058	
          1.81000000	          0.34711638	         -0.23644268	          0.90752690	         -0.32170926	          0.87895679	          0.35204846	         -0.88091621	         -0.41416159	          0.22903449	         -0.99401587	          1.13735767	          0.59797120	
          1.82000000	          0.35191606	         -0.23422289	          0.90625313	         -0.31932759	          0.88006208	          0.35145500	         -0.87987782	         -0.41307429	          0.23491415	         -0.98159149	          1.13433469	          0.58723929	
          1.83000000	          0.35851715	         -0.23167659	          0.90431820	         -0.31619799	          0.88131669	          0.35114061	         -0.87834178	         -0.41183353	          0.24271147	         -0.96599491	          1.12977977	          0.57370475	
          1.84000000	          0.36719096	         -0.22869704	          0.90159218	         -0.31232035	          0.88271189	          0.35110642	         -0.87614314	         -0.41050869	          0.25269708	         -0.94696001	          1.12343612	          0.55703635	
          1.85000000	          0.37765589	         -0.22533882	          0.89810826	         -0.30779288	          0.88423017	          0.35128413	         -0.87329237	         -0.40909585	          0.26457705	         -0.92526882	          1.11544882	          0.53797300	
          1.86000000	          0.38930366	         -0.22172314	          0.89402545	         -0.30280789	          0.88584352	          0.35155177	         -0.86991381	         -0.40757835	          0.27772261	         -0.90218852	          1.10625120	          0.51771958	
          1.87000000	          0.40127978	         -0.21803096	          0.88962747	         -0.29762618	          0.88751464	          0.35176189	         -0.86625239	         -0.40593136	          0.29124996	         -0.87922885	          1.09652880	          0.49771484	
          1.88000000	          0.41263584	         -0.21448104	          0.88528501	         -0.29252916	          0.88920086	          0.35177907	         -0.86264614	         -0.40412833	          0.30417419	         -0.85784474	          1.08710652	          0.47934835	
          1.89000000	          0.42250892	         -0.21130269	          0.88138379	         -0.28775768	          0.89085992	          0.35151688	         -0.85946596	         -0.40214397	          0.31559229	         -0.83919735	          1.07878352	          0.46373893	
          1.90000000	          0.43026809	         -0.20872001	          0.87823990	         -0.28345219	          0.89245539	          0.35096758	         -0.85704389	         -0.39994917	          0.32483293	         -0.82405103	          1.07216915	          0.45165100	
          1.91000000	          0.43559271	         -0.20693985	          0.87603361	         -0.27962096	          0.89395987	          0.35021119	         -0.85561154	         -0.39750680	          0.33153769	         -0.81278191	          1.06757497	          0.44351073	
          1.92000000	          0.43847511	         -0.20614281	          0.87478267	         -0.27614541	          0.89535445	          0.34940538	         -0.85526796	         -0.39477279	          0.33566525	         -0.80545199	          1.06498708	          0.43947204	
          1.93000000	          0.43921524	         -0.20644991	          0.87433884	         -0.27281831	          0.89662525	          0.34875971	         -0.85595569	         -0.39171623	          0.33748816	         -0.80182159	          1.06407181	          0.43939585	
          1.94000000	          0.43842144	         -0.20787264	          0.87440014	         -0.26939649	          0.89775994	          0.34850054	         -0.85744514	         -0.38835044	          0.33759704	         -0.80128887	          1.06419814	          0.44274548	
          1.95000000	          0.43695135	         -0.21029070	          0.87455779	         -0.26564787	          0.89874782	          0.34883172	         -0.85936298	         -0.38474691	          0.33684580	         -0.80287679	          1.06452315	          0.44855001	
          1.96000000	          0.43580035	         -0.21344975	          0.87436677	         -0.26139318	          0.89958400	          0.34988889	         -0.86125005	         -0.38103522	          0.33624471	         -0.80528114	          1.06412937	          0.45544463	
          1.97000000	          0.43595524	         -0.21696051	          0.87342496	         -0.25655072	          0.90027788	          0.35168377	         -0.86262666	         -0.37739619	          0.33681949	         -0.80698408	          1.06219193	          0.46177942	
          1.98000000	          0.43819333	         -0.22030023	          0.87146682	         -0.25118953	          0.90086743	          0.35403629	         -0.86307035	         -0.37403968	          0.33941699	         -0.80647693	          1.05818515	          0.46584251	
          1.99000000	          0.44271567	         -0.22286512	          0.86852402	         -0.24559117	          0.90144024	          0.35649750	         -0.86237336	         -0.37112886	          0.34434801	         -0.80273190	          1.05221663	          0.46636760	
          2.00000000	          0.44804872	         -0.22432270	          0.86540838	         -0.24031455	          0.90216037	          0.35826748	         -0.86110467	         -0.36849151	          0.35030379	         -0.79663676	          1.04596482	          0.46418015	
          2.01000000	          0.49948608	         -0.20337565	          0.84211163	         -0.23618724	          0.90326257	          0.35823500	         -0.83350419	         -0.37782942	          0.40313235	         -0.72649700	          1.00118681	          0.38667193	
          2.02000000	          0.49031042	         -0.20605508	          0.84683941	         -0.23384699	          0.90491834	          0.35558174	         -0.83958995	         -0.37237628	          0.39550554	         -0.73229347	          1.01001423	          0.39784417	
          2.03000000	          0.49638450	         -0.19916953	          0.84494611	         -0.23298787	          0.90704916	          0.35068286	         -0.83625300	         -0.37093573	          0.40384106	         -0.71506174	          1.00646440	          0.38157525	
          2.04000000	          0.47692393	         -0.20198736	          0.85542075	         -0.23290820	          0.90940266	          0.34458755	         -0.84752424	         -0.36357656	          0.38667138	         -0.72791173	          1.02636267	          0.40061736	
          2.05000000	          0.47130016	         -0.19954194	          0.85910370	         -0.23230397	          0.91158988	          0.33917363	         -0.85082961	         -0.35942579	          0.38327807	         -0.72442553	          1.03351583	          0.40050287	
          2.06000000	          0.47033543	         -0.19674214	          0.86027735	         -0.23078987	          0.91348319	          0.33508879	         -0.85177498	         -0.35614743	          0.38423741	         -0.71717827	          1.03581343	          0.39618353	
          2.07000000	          0.47332419	         -0.19373173	          0.85932079	         -0.22851955	          0.91511433	          0.33218155	         -0.85073088	         -0.35360116	          0.38887426	         -0.70693500	          1.03394015	          0.38849807	
          2.08000000	          0.47939342	         -0.19054185	          0.85666548	         -0.22570079	          0.91654323	          0.33016308	         -0.84808083	         -0.35162808	          0.39637935	         -0.69451036	          1.02877072	          0.37831865	
          2.09000000	          0.48792430	         -0.18718046	          0.85258041	         -0.22245455	          0.91782145	          0.32881265	         -0.84406389	         -0.35009607	          0.40618824	         -0.68051170	          1.02090325	          0.36631169	
          2.10000000	          0.49859545	         -0.18367151	          0.84715250	         -0.21879692	          0.91898384	          0.32801921	         -0.83876724	         -0.34890324	          0.41801440	         -0.66534670	          1.01060318	          0.35295233	
          2.11000000	          0.51130582	         -0.18005456	          0.84032536	         -0.21467154	          0.92004994	          0.32775638	         -0.83215533	         -0.34797769	          0.43177430	         -0.64929458	          0.99788315	          0.33858580	
          2.12000000	          0.52601351	         -0.17636845	          0.83198795	         -0.21000893	          0.92103165	          0.32801973	         -0.82413957	         -0.34726771	          0.44743614	         -0.63260332	          0.98268135	          0.32351288	
          2.13000000	          0.54246641	         -0.17263723	          0.82214754	         -0.20481191	          0.92194765	          0.32873183	         -0.81472834	         -0.34671159	          0.46476747	         -0.61561109	          0.96517322	          0.30811016	
          2.14000000	          0.55972897	         -0.16890291	          0.81128003	         -0.19927647	          0.92284417	          0.32961724	         -0.80435836	         -0.34616534	          0.48288424	         -0.59895305	          0.94633817	          0.29306921	
