name C:\Users\antoi\Documents\MyRepositories\upper-imu-dc\Results\main_tracking\Case_69\FLX01_orientations_groundFrame.mot
datacolumns 13
datarows 600
range 0.510000 6.500000
endheader 
time	radius_imu_[0][0]	radius_imu_[0][1]	radius_imu_[0][2]	radius_imu_[1][0]	radius_imu_[1][1]	radius_imu_[1][2]	radius_imu_[2][0]	radius_imu_[2][1]	radius_imu_[2][2]	radius_imu_x	radius_imu_y	radius_imu_z	
          0.51000000	          0.69579790	         -0.02861102	          0.71766754	         -0.13948373	          0.97480005	          0.17409525	         -0.70456339	         -0.22123805	          0.67427305	         -0.25267844	          0.80044713	          0.04109657	
          0.52000000	          0.69463389	         -0.03137034	          0.71867911	         -0.13933282	          0.97426247	          0.17719765	         -0.70574083	         -0.22322308	          0.67238481	         -0.25767736	          0.80190082	          0.04513030	
          0.53000000	          0.69342949	         -0.03420413	          0.71971218	         -0.13910059	          0.97372687	          0.18029698	         -0.70696999	         -0.22513564	          0.67045312	         -0.26270318	          0.80338766	          0.04928609	
          0.54000000	          0.69215999	         -0.03712858	          0.72078847	         -0.13878044	          0.97319318	          0.18339853	         -0.70827575	         -0.22697246	          0.66845266	         -0.26777369	          0.80493915	          0.05359025	
          0.55000000	          0.69079860	         -0.04015893	          0.72193113	         -0.13837663	          0.97265816	          0.18651543	         -0.70968247	         -0.22874299	          0.66635384	         -0.27292013	          0.80658906	          0.05806871	
          0.56000000	          0.68931822	         -0.04331076	          0.72316290	         -0.13789782	          0.97211698	          0.18966488	         -0.71121346	         -0.23046205	          0.66412548	         -0.27818097	          0.80837082	          0.06274881	
          0.57000000	          0.68769398	         -0.04660013	          0.72450357	         -0.13735418	          0.97156381	          0.19286675	         -0.71288907	         -0.23214690	          0.66173786	         -0.28359894	          0.81031389	          0.06765946	
          0.58000000	          0.68590608	         -0.05004346	          0.72596729	         -0.13675573	          0.97099217	          0.19614299	         -0.71472423	         -0.23381585	          0.65916570	         -0.28921905	          0.81243985	          0.07283059	
          0.59000000	          0.68394241	         -0.05365715	          0.72756009	         -0.13611121	          0.97039506	          0.19951735	         -0.71672625	         -0.23548747	          0.65639100	         -0.29508689	          0.81475872	          0.07829237	
          0.60000000	          0.68180071	         -0.05745734	          0.72927803	         -0.13542721	          0.96976508	          0.20301515	         -0.71889308	         -0.23717996	          0.65340524	         -0.30124716	          0.81726618	          0.08407427	
          0.61000000	          0.67948979	         -0.06145968	          0.73110624	         -0.13470747	          0.96909458	          0.20666298	         -0.72121253	         -0.23891086	          0.65021080	         -0.30774233	          0.81994197	          0.09020429	
          0.62000000	          0.67702967	         -0.06567922	          0.73301914	         -0.13395256	          0.96837563	          0.21048838	         -0.72366258	         -0.24069667	          0.64682114	         -0.31461151	          0.82274995	          0.09670823	
          0.63000000	          0.67445041	         -0.07013037	          0.73498189	         -0.13315978	          0.96760009	          0.21451932	         -0.72621286	         -0.24255267	          0.64325973	         -0.32188963	          0.82563997	          0.10360916	
          0.64000000	          0.67178966	         -0.07482698	          0.73695290	         -0.13232348	          0.96675964	          0.21878365	         -0.72882724	         -0.24449277	          0.63955777	         -0.32960702	          0.82855129	          0.11092730	
          0.65000000	          0.66908939	         -0.07978260	          0.73888709	         -0.13143552	          0.96584574	          0.22330854	         -0.73146709	         -0.24652938	          0.63575087	         -0.33778944	          0.83141724	          0.11868021	
          0.66000000	          0.66639230	         -0.08501067	          0.74073915	         -0.13048591	          0.96484960	          0.22811987	         -0.73409450	         -0.24867335	          0.63187565	         -0.34645843	          0.83416996	          0.12688318	
          0.67000000	          0.66373869	         -0.09052474	          0.74246631	         -0.12946331	          0.96376218	          0.23324174	         -0.73667510	         -0.25093372	          0.62796661	         -0.35563168	          0.83674459	          0.13554979	
          0.68000000	          0.66116360	         -0.09633865	          0.74403062	         -0.12835555	          0.96257419	          0.23869598	         -0.73918032	         -0.25331756	          0.62405342	         -0.36532353	          0.83908281	          0.14469248	
          0.69000000	          0.65869437	         -0.10246662	          0.74540078	         -0.12715012	          0.96127610	          0.24450173	         -0.74158922	         -0.25582971	          0.62015852	         -0.37554559	          0.84113585	          0.15432330	
          0.70000000	          0.65634836	         -0.10892330	          0.74655377	         -0.12583478	          0.95985814	          0.25067501	         -0.74389007	         -0.25847257	          0.61629498	         -0.38630763	          0.84286715	          0.16445470	
          0.71000000	          0.65413091	         -0.11572367	          0.74747628	         -0.12439835	          0.95831033	          0.25722822	         -0.74608163	         -0.26124574	          0.61246457	         -0.39761841	          0.84425478	          0.17510033	
          0.72000000	          0.65203360	         -0.12288295	          0.74816574	         -0.12283148	          0.95662255	          0.26416988	         -0.74817419	         -0.26414594	          0.60865615	         -0.40948709	          0.84529328	          0.18627621	
          0.73000000	          0.65003333	         -0.13041652	          0.74863088	         -0.12112744	          0.95478455	          0.27150436	         -0.75018985	         -0.26716662	          0.60484476	         -0.42192440	          0.84599459	          0.19800174	
          0.74000000	          0.64809237	         -0.13833958	          0.74889147	         -0.11928277	          0.95278605	          0.27923175	         -0.75216215	         -0.27029782	          0.60099184	         -0.43494371	          0.84638773	          0.21030047	
          0.75000000	          0.64615952	         -0.14666681	          0.74897712	         -0.11729772	          0.95061687	          0.28734788	         -0.75413468	         -0.27352588	          0.59704646	         -0.44856161	          0.84651698	          0.22320047	
          0.76000000	          0.64417241	         -0.15541173	          0.74892530	         -0.11517648	          0.94826709	          0.29584438	         -0.75615890	         -0.27683337	          0.59294772	         -0.46279796	          0.84643878	          0.23673410	
          0.77000000	          0.64206096	         -0.16458583	          0.74877849	         -0.11292721	          0.94572721	          0.30470887	         -0.75829095	         -0.28019913	          0.58862830	         -0.47767498	          0.84621726	          0.25093666	
          0.78000000	          0.63975150	         -0.17419704	          0.74858093	         -0.11056231	          0.94298841	          0.31392489	         -0.76058792	         -0.28359876	          0.58401863	         -0.49321543	          0.84591925	          0.26584369	
          0.79000000	          0.63717245	         -0.18424728	          0.74837437	         -0.10809874	          0.94004295	          0.32347165	         -0.76310283	         -0.28700555	          0.57905258	         -0.50943886	          0.84560778	          0.28148602	
          0.80000000	          0.63425802	         -0.19473415	          0.74819474	         -0.10555588	          0.93688396	          0.33332627	         -0.76588166	         -0.29039121	          0.57367083	         -0.52636239	          0.84533699	          0.29789078	
          0.81000000	          0.63092632	         -0.20567434	          0.74808425	         -0.10294516	          0.93350261	          0.34347514	         -0.76898262	         -0.29371916	          0.56779819	         -0.54403273	          0.84517048	          0.31512516	
          0.82000000	          0.62717401	         -0.21706243	          0.74802183	         -0.10027152	          0.92988924	          0.35390906	         -0.77239781	         -0.29696785	          0.56143718	         -0.56244635	          0.84507642	          0.33319266	
          0.83000000	          0.62294851	         -0.22886657	          0.74803426	         -0.09757460	          0.92604263	          0.36458778	         -0.77615356	         -0.30010856	          0.55454531	         -0.58159714	          0.84509514	          0.35208440	
          0.84000000	          0.61830058	         -0.24105984	          0.74806052	         -0.09485532	          0.92195620	          0.37549864	         -0.78019668	         -0.30312855	          0.54718025	         -0.60143332	          0.84513472	          0.37174743	
          0.85000000	          0.61327588	         -0.25361618	          0.74804514	         -0.09211860	          0.91762201	          0.38663162	         -0.78447872	         -0.30602072	          0.53939268	         -0.62190619	          0.84511154	          0.39212692	
          0.86000000	          0.60793519	         -0.26651408	          0.74792049	         -0.08936370	          0.91302841	          0.39798651	         -0.78894165	         -0.30878694	          0.53124541	         -0.64296171	          0.84492373	          0.41315910	
          0.87000000	          0.60234539	         -0.27973161	          0.74761639	         -0.08658429	          0.90816384	          0.40956269	         -0.79352580	         -0.31143003	          0.52280794	         -0.66453073	          0.84446572	          0.43476753	
          0.88000000	          0.59658888	         -0.29324676	          0.74705290	         -0.08376065	          0.90301748	          0.42135922	         -0.79816405	         -0.31395186	          0.51416765	         -0.68651724	          0.84361767	          0.45685601	
          0.89000000	          0.59075447	         -0.30703650	          0.74614861	         -0.08086293	          0.89757999	          0.43337206	         -0.80278910	         -0.31635224	          0.50542152	         -0.70880145	          0.84225839	          0.47931164	
          0.90000000	          0.58493693	         -0.32107801	          0.74482058	         -0.07784935	          0.89184340	          0.44559492	         -0.80733405	         -0.31862873	          0.49667643	         -0.73124014	          0.84026591	          0.50200634	
          0.91000000	          0.57923350	         -0.33534823	          0.74298729	         -0.07466737	          0.88580136	          0.45801827	         -0.81173477	         -0.32077643	          0.48804625	         -0.75366893	          0.83752264	          0.52479903	
          0.92000000	          0.57373736	         -0.34982393	          0.74057320	         -0.07125645	          0.87944940	          0.47062860	         -0.81593380	         -0.32278783	          0.47964576	         -0.77590944	          0.83392297	          0.54754200	
          0.93000000	          0.56853437	         -0.36448237	          0.73751019	         -0.06754959	          0.87278464	          0.48340875	         -0.81988153	         -0.32465300	          0.47158743	         -0.79777593	          0.82937612	          0.57008692	
          0.94000000	          0.56369750	         -0.37930142	          0.73374080	         -0.06347695	          0.86580578	          0.49633762	         -0.82353859	         -0.32635990	          0.46397565	         -0.81908480	          0.82381150	          0.59229260	
          0.95000000	          0.55928202	         -0.39425977	          0.72922072	         -0.05897008	          0.85851272	          0.50939026	         -0.82687735	         -0.32789501	          0.45690120	         -0.83966494	          0.81718243	          0.61403312	
          0.96000000	          0.55532115	         -0.40933706	          0.72392099	         -0.05396673	          0.85090626	          0.52253815	         -0.82988313	         -0.32924414	          0.45043566	         -0.85936823	          0.80946905	          0.63520535	
          0.97000000	          0.55182262	         -0.42451389	          0.71782989	         -0.04841614	          0.84298767	          0.53574963	         -0.83255491	         -0.33039331	          0.44462634	         -0.87807916	          0.80068029	          0.65573542	
          0.98000000	          0.54876673	         -0.43977159	          0.71095431	         -0.04228408	          0.83475838	          0.54899044	         -0.83490546	         -0.33132974	          0.43949229	         -0.89572234	          0.79085430	          0.67558285	
          0.99000000	          0.54610612	         -0.45509201	          0.70332025	         -0.03555737	          0.82621968	          0.56222478	         -0.83696104	         -0.33204261	          0.43502175	         -0.91226732	          0.78005743	          0.69474215	
          1.00000000	          0.54376775	         -0.47045721	          0.69497241	         -0.02824704	          0.81737255	          0.57541656	         -0.83876024	         -0.33252388	          0.43117181	         -0.92772981	          0.76838153	          0.71324133	
          1.01000000	          0.54165689	         -0.48584909	          0.68597265	         -0.02038997	          0.80821754	          0.58853093	         -0.84035234	         -0.33276880	          0.42787015	         -0.94216936	          0.75593960	          0.73113763	
          1.02000000	          0.53966282	         -0.50124911	          0.67639734	         -0.01204854	          0.79875487	          0.60153595	         -0.84179503	         -0.33277619	          0.42501898	         -0.95568374	          0.74286024	          0.74851101	
          1.03000000	          0.53766554	         -0.51663800	          0.66633396	         -0.00330855	          0.78898458	          0.61440409	         -0.84315172	         -0.33254851	          0.42250050	         -0.96840102	          0.72928137	          0.76545632	
          1.04000000	          0.53554285	         -0.53199545	          0.65587704	          0.00572426	          0.77890688	          0.62711347	         -0.84448866	         -0.33209172	          0.42018329	         -0.98047058	          0.71534388	          0.78207521	
          1.05000000	          0.53317683	         -0.54730009	          0.64512408	          0.01492863	          0.76852240	          0.63964870	         -0.84587209	         -0.33141505	          0.41792878	         -0.99205403	          0.70118567	          0.79846873	
          1.06000000	          0.53045961	         -0.56252935	          0.63417137	          0.02417273	          0.75783260	          0.65200109	         -0.84736549	         -0.33053059	          0.41559746	         -1.00331676	          0.68693635	          0.81473107	
          1.07000000	          0.52729789	         -0.57765969	          0.62311012	          0.03331947	          0.74684004	          0.66416848	         -0.84902694	         -0.32945294	          0.41305449	         -1.01442052	          0.67271289	          0.83094468	
          1.08000000	          0.52361629	         -0.59266674	          0.61202297	          0.04223171	          0.73554863	          0.67615435	         -0.85090685	         -0.32819866	          0.41017457	         -1.02551710	          0.65861607	          0.84717692	
          1.09000000	          0.51935937	         -0.60752564	          0.60098123	          0.05077712	          0.72396383	          0.68796661	         -0.85304603	         -0.32678581	          0.40684580	         -1.03674337	          0.64472821	          0.86347803	
          1.10000000	          0.51449216	         -0.62221146	          0.59004297	          0.05883224	          0.71209276	          0.69961608	         -0.85547448	         -0.32523344	          0.40297224	         -1.04821795	          0.63111207	          0.87988064	
          1.11000000	          0.50899962	         -0.63669952	          0.57925220	          0.06628558	          0.69994424	          0.71111482	         -0.85821070	         -0.32356110	          0.39847535	         -1.06003929	          0.61781101	          0.89640024	
          1.12000000	          0.50288505	         -0.65096578	          0.56863888	          0.07303961	          0.68752871	          0.72247456	         -0.86126177	         -0.32178849	          0.39329420	         -1.07228508	          0.60485023	          0.91303659	
          1.13000000	          0.49616801	         -0.66498719	          0.55821979	          0.07901191	          0.67485817	          0.73370537	         -0.86462386	         -0.31993513	          0.38738494	         -1.08501269	          0.59223863	          0.92977554	
          1.14000000	          0.48888201	         -0.67874193	          0.54799979	          0.08413559	          0.66194607	          0.74481448	         -0.86828312	         -0.31802011	          0.38071988	         -1.09826008	          0.57997113	          0.94659105	
          1.15000000	          0.48107210	         -0.69220966	          0.53797344	          0.08835939	          0.64880709	          0.75580551	         -0.87221686	         -0.31606194	          0.37328622	         -1.11204713	          0.56803117	          0.96344721	
          1.16000000	          0.47279265	         -0.70537170	          0.52812675	          0.09164743	          0.63545701	          0.76667799	         -0.87639481	         -0.31407826	          0.36508491	         -1.12637696	          0.55639306	          0.98030016	
          1.17000000	          0.46410525	         -0.71821126	          0.51843891	          0.09397885	          0.62191245	          0.77742709	         -0.88078050	         -0.31208570	          0.35612950	         -1.14123736	          0.54502434	          0.99709992	
          1.18000000	          0.45507655	         -0.73071362	          0.50888402	          0.09534731	          0.60819067	          0.78804378	         -0.88533283	         -0.31009952	          0.34644489	         -1.15660246	          0.53388790	          1.01379232	
          1.19000000	          0.44577621	         -0.74286633	          0.49943287	          0.09576005	          0.59430922	          0.79851523	         -0.89000763	         -0.30813338	          0.33606583	         -1.17243464	          0.52294403	          1.03032099	
          1.20000000	          0.43627541	         -0.75465904	          0.49005459	          0.09523679	          0.58028588	          0.80882523	         -0.89475903	         -0.30619934	          0.32503577	         -1.18868619	          0.51215237	          1.04662846	
          1.21000000	          0.42664449	         -0.76608383	          0.48071826	          0.09380804	          0.56613827	          0.81895513	         -0.89954129	         -0.30430746	          0.31340460	         -1.20530227	          0.50147364	          1.06265868	
          1.22000000	          0.41695127	         -0.77713509	          0.47139441	          0.09151311	          0.55188361	          0.82888469	         -0.90431023	         -0.30246576	          0.30122662	         -1.22222352	          0.49087122	          1.07835856	
          1.23000000	          0.40725978	         -0.78780932	          0.46205622	          0.08839795	          0.53753867	          0.83859286	         -0.90902435	         -0.30068032	          0.28855861	         -1.23938854	          0.48031236	          1.09367909	
          1.24000000	          0.39762921	         -0.79810489	          0.45268045	          0.08451294	          0.52311967	          0.84805859	         -0.91364576	         -0.29895552	          0.27545785	         -1.25673635	          0.46976915	          1.10857634	
          1.25000000	          0.38811330	         -0.80802176	          0.44324812	          0.07991090	          0.50864228	          0.85726150	         -0.91814068	         -0.29729423	          0.26198058	         -1.27420830	          0.45921896	          1.12301199	
          1.26000000	          0.37876018	         -0.81756117	          0.43374469	          0.07464560	          0.49412174	          0.86618228	         -0.92247968	         -0.29569823	          0.24818098	         -1.29174932	          0.44864462	          1.13695335	
          1.27000000	          0.36961264	         -0.82672530	          0.42416008	          0.06877084	          0.47957296	          0.87480304	         -0.92663751	         -0.29416842	          0.23411082	         -1.30930834	          0.43803420	          1.15037303	
          1.28000000	          0.36070857	         -0.83551705	          0.41448834	          0.06234021	          0.46501071	          0.88310743	         -0.93059283	         -0.29270513	          0.21981966	         -1.32683806	          0.42738050	          1.16324843	
          1.29000000	          0.35208152	         -0.84393986	          0.40472722	          0.05540726	          0.45044979	          0.89108081	         -0.93432791	         -0.29130826	          0.20535544	         -1.34429434	          0.41668051	          1.17556114	
          1.30000000	          0.34376109	         -0.85199759	          0.39487773	          0.04802583	          0.43590511	          0.89871033	         -0.93782825	         -0.28997731	          0.19076510	         -1.36163541	          0.40593476	          1.18729648	
          1.31000000	          0.33577324	         -0.85969455	          0.38494364	          0.04025037	          0.42139174	          0.90598505	         -0.94108248	         -0.28871141	          0.17609509	         -1.37882134	          0.39514676	          1.19844324	
          1.32000000	          0.32814039	         -0.86703548	          0.37493115	          0.03213604	          0.40692491	          0.91289615	         -0.94408218	         -0.28750930	          0.16139159	         -1.39581366	          0.38432250	          1.20899352	
          1.33000000	          0.32088143	         -0.87402558	          0.36484845	          0.02373850	          0.39251992	          0.91943711	         -0.94682184	         -0.28636934	          0.14670041	         -1.41257538	          0.37347003	          1.21894274	
          1.34000000	          0.31401169	         -0.88067061	          0.35470543	          0.01511348	          0.37819193	          0.92560383	         -0.94929882	         -0.28528959	          0.13206668	         -1.42907126	          0.36259899	          1.22828963	
          1.35000000	          0.30754286	         -0.88697688	          0.34451329	          0.00631607	          0.36395577	          0.93139482	         -0.95151327	         -0.28426786	          0.11753420	         -1.44526824	          0.35172028	          1.23703623	
          1.36000000	          0.30148306	         -0.89295133	          0.33428415	         -0.00260019	          0.34982560	          0.93681123	         -0.95346799	         -0.28330192	          0.10314465	         -1.46113617	          0.34084558	          1.24518789	
          1.37000000	          0.29583679	         -0.89860152	          0.32403071	         -0.01158431	          0.33581458	          0.94185688	         -0.95516826	         -0.28238959	          0.08893663	         -1.47664858	          0.32998698	          1.25275313	
          1.38000000	          0.29060499	         -0.90393567	          0.31376592	         -0.02058924	          0.32193446	          0.94653805	         -0.95662157	         -0.28152889	          0.07494441	         -1.49178378	          0.31915666	          1.25974366	
          1.39000000	          0.28578505	         -0.90896259	          0.30350274	         -0.02957335	          0.30819531	          0.95086333	         -0.95783732	         -0.28071811	          0.06119654	         -1.50652604	          0.30836666	          1.26617422	
          1.40000000	          0.28137085	         -0.91369169	          0.29325404	         -0.03850207	          0.29460512	          0.95484314	         -0.95882638	         -0.27995591	          0.04771427	         -1.52086706	          0.29762876	          1.27206252	
          1.41000000	          0.27735288	         -0.91813289	          0.28303246	         -0.04734961	          0.28116957	          0.95848927	         -0.95960064	         -0.27924124	          0.03450996	         -1.53480734	          0.28695438	          1.27742908	
          1.42000000	          0.27371839	         -0.92229654	          0.27285040	         -0.05610037	          0.26789183	          0.96181428	         -0.96017237	         -0.27857327	          0.02158574	         -1.54835736	          0.27635461	          1.28229704	
          1.43000000	          0.27045172	         -0.92619333	          0.26271999	         -0.06474982	          0.25477254	          0.96483077	         -0.96055366	         -0.27795121	          0.00893282	         -1.56153816	          0.26584014	          1.28669180	
          1.44000000	          0.26753487	         -0.92983417	          0.25265296	         -0.07330437	          0.24180987	          0.96755075	         -0.96075572	         -0.27737413	         -0.00346833	         -1.57438096	          0.25542119	          1.29064034	
          1.45000000	          0.26494841	         -0.93323002	          0.24266040	         -0.08178001	          0.22899980	          0.96998511	         -0.96078841	         -0.27684078	         -0.01564643	         -1.58692552	          0.24510728	          1.29417046	
          1.46000000	          0.26267235	         -0.93639176	          0.23275246	         -0.09019987	          0.21633651	          0.97214325	         -0.96065978	         -0.27634939	         -0.02763679	         -1.59921740	          0.23490692	          1.29730972	
          1.47000000	          0.26068725	         -0.93932999	          0.22293793	         -0.09859060	          0.20381291	          0.97403295	         -0.96037599	         -0.27589756	         -0.03947768	         -1.61130429	          0.22482722	          1.30008447	
          1.48000000	          0.25897502	         -0.94205497	          0.21322375	         -0.10697845	          0.19142117	          0.97566057	         -0.95994143	         -0.27548207	         -0.05120628	         -1.62323192	          0.21487341	          1.30251903	
          1.49000000	          0.25751961	         -0.94457650	          0.20361455	         -0.11538509	          0.17915319	          0.97703143	         -0.95935913	         -0.27509883	         -0.06285458	         -1.63504000	          0.20504840	          1.30463510	
          1.50000000	          0.25630727	         -0.94690393	          0.19411218	         -0.12382408	          0.16700100	          0.97815043	         -0.95863141	         -0.27474283	         -0.07444594	         -1.64675876	          0.19535234	          1.30645148	
          1.51000000	          0.25532661	         -0.94904611	          0.18471545	         -0.13229822	          0.15495703	          0.97902273	         -0.95776067	         -0.27440808	         -0.08599246	         -1.65840648	          0.18578232	          1.30798416	
          1.52000000	          0.25456828	         -0.95101149	          0.17541989	         -0.14079807	          0.14301421	          0.97965445	         -0.95675017	         -0.27408773	         -0.09749370	         -1.66998818	          0.17633226	          1.30924662	
          1.53000000	          0.25402447	         -0.95280806	          0.16621785	         -0.14930187	          0.13116600	          0.98005328	         -0.95560479	         -0.27377415	         -0.10893665	         -1.68149572	          0.16699292	          1.31025045	
          1.54000000	          0.25368826	         -0.95444343	          0.15709873	         -0.15777683	          0.11940633	          0.98022885	         -0.95433157	         -0.27345909	         -0.12029707	         -1.69290918	          0.15775222	          1.31100598	
          1.55000000	          0.25355286	         -0.95592484	          0.14804951	         -0.16618173	          0.10772941	          0.98019284	         -0.95293997	         -0.27313382	         -0.13154215	         -1.70419956	          0.14859576	          1.31152308	
          1.56000000	          0.25361100	         -0.95725913	          0.13905543	         -0.17447067	          0.09612956	          0.97995872	         -0.95144177	         -0.27278940	         -0.14263413	         -1.71533252	          0.13950751	          1.31181177	
          1.57000000	          0.25385440	         -0.95845276	          0.13010090	         -0.18259747	          0.08460095	          0.97954114	         -0.94985057	         -0.27241693	         -0.15353473	         -1.72627280	          0.13047075	          1.31188277	
          1.58000000	          0.25427360	         -0.95951168	          0.12117046	         -0.19052026	          0.07313737	          0.97895503	         -0.94818087	         -0.27200785	         -0.16420951	         -1.73698874	          0.12146895	          1.31174767	
          1.59000000	          0.25485794	         -0.96044127	          0.11224968	         -0.19820569	          0.06173201	          0.97821453	         -0.94644700	         -0.27155427	         -0.17463203	         -1.74745651	          0.11248675	          1.31141887	
          1.60000000	          0.25559601	         -0.96124628	          0.10332601	         -0.20563227	          0.05037731	          0.97733182	         -0.94466187	         -0.27104928	         -0.18478702	         -1.75766338	          0.10351075	          1.31090923	
          1.61000000	          0.25647619	         -0.96193067	          0.09438934	         -0.21279232	          0.03906485	          0.97631622	         -0.94283583	         -0.27048719	         -0.19467225	         -1.76760977	          0.09453006	          1.31023145	
          1.62000000	          0.25748739	         -0.96249756	          0.08543234	         -0.21969236	          0.02778535	          0.97517344	         -0.94097583	         -0.26986369	         -0.20429898	         -1.77730974	          0.08553660	          1.30939738	
          1.63000000	          0.25861983	         -0.96294918	          0.07645042	         -0.22635182	          0.01652881	          0.97390536	         -0.93908500	         -0.26917593	         -0.21369062	         -1.78678972	          0.07652509	          1.30841726	
          1.64000000	          0.25986575	         -0.96328679	          0.06744146	         -0.23280020	          0.00528473	          0.97251023	         -0.93716266	         -0.26842248	         -0.22288004	         -1.79608591	          0.06749269	          1.30729900	
          1.65000000	          0.26122000	         -0.96351074	          0.05840525	         -0.23907323	         -0.00595758	          0.97098326	         -0.93520485	         -0.26760338	         -0.23190586	         -1.80524051	          0.05843850	          1.30604769	
          1.66000000	          0.26268038	         -0.96362041	          0.04934290	         -0.24520868	         -0.01720861	          0.96931758	         -0.93320508	         -0.26672002	         -0.24080845	         -1.81429766	          0.04936295	          1.30466520	
          1.67000000	          0.26424781	         -0.96361430	          0.04025624	         -0.25124228	         -0.02847830	          0.96750519	         -0.93115542	         -0.26577520	         -0.24962599	         -1.82329946	          0.04026712	          1.30315011	
          1.68000000	          0.26592627	         -0.96349005	          0.03114725	         -0.25720411	         -0.03977568	          0.96553816	         -0.92904750	         -0.26477316	         -0.25839100	         -1.83228244	          0.03115229	          1.30149776	
          1.69000000	          0.26772246	         -0.96324447	          0.02201758	         -0.26311567	         -0.05110855	          0.96340960	         -0.92687369	         -0.26371956	         -0.26712762	         -1.84127464	          0.02201935	          1.29970053	
          1.70000000	          0.26964538	         -0.96287371	          0.01286823	         -0.26898785	         -0.06248326	          0.96111465	         -0.92462798	         -0.26262153	         -0.27584965	         -1.85029363	          0.01286858	          1.29774838	
          1.71000000	          0.27170567	         -0.96237329	          0.00369940	         -0.27482005	         -0.07390452	          0.95865117	         -0.92230687	         -0.26148763	         -0.28455975	         -1.85934552	          0.00369941	          1.29562946	
          1.72000000	          0.27391486	         -0.96173828	         -0.00548952	         -0.28060042	         -0.08537533	          0.95602011	         -0.91990981	         -0.26032776	         -0.29324973	         -1.86842520	         -0.00548955	          1.29333080	
          1.73000000	          0.27628470	         -0.96096341	         -0.01469980	         -0.28630709	         -0.09689703	          0.95322569	         -0.91743938	         -0.25915302	         -0.30190181	         -1.87751746	         -0.01470033	          1.29083908	
          1.74000000	          0.27882647	         -0.96004323	         -0.02393307	         -0.29191027	         -0.10846940	          0.95027511	         -0.91490119	         -0.25797554	         -0.31049062	         -1.88659904	         -0.02393536	          1.28814124	
          1.75000000	          0.28155047	         -0.95897221	         -0.03319098	         -0.29737484	         -0.12009086	          0.94717812	         -0.91230343	         -0.25680828	         -0.31898584	         -1.89564111	         -0.03319707	          1.28522501	
          1.76000000	          0.28446572	         -0.95774483	         -0.04247471	         -0.30266333	         -0.13175868	          0.94394627	         -0.90965607	         -0.25566482	         -0.32735507	         -1.90461233	         -0.04248750	          1.28207921	
          1.77000000	          0.28757965	         -0.95635574	         -0.05178460	         -0.30773912	         -0.14346929	          0.94059194	         -0.90697000	         -0.25455895	         -0.33556692	         -1.91348195	         -0.05180777	          1.27869412	
          1.78000000	          0.29089828	         -0.95479977	         -0.06111951	         -0.31256929	         -0.15521855	          0.93712733	         -0.90425584	         -0.25350465	         -0.34359390	         -1.92222282	         -0.06115763	          1.27506119	
          1.79000000	          0.29442640	         -0.95307196	         -0.07047647	         -0.31712718	         -0.16700194	          0.93356344	         -0.90152285	         -0.25251572	         -0.35141481	         -1.93081403	         -0.07053494	          1.27117300	
          1.80000000	          0.29816778	         -0.95116766	         -0.07985022	         -0.32139413	         -0.17881477	          0.92990919	         -0.89877794	         -0.25160557	         -0.35901650	         -1.93924276	         -0.07993531	          1.26702297	
          1.81000000	          0.30212551	         -0.94908253	         -0.08923304	         -0.32536033	         -0.19065222	          0.92617082	         -0.89602502	         -0.25078694	         -0.36639470	         -1.94750528	         -0.08935189	          1.26260510	
          1.82000000	          0.30630220	         -0.94681261	         -0.09861465	         -0.32902465	         -0.20250931	          0.92235175	         -0.89326465	         -0.25007173	         -0.37355373	         -1.95560679	         -0.09877518	          1.25791376	
          1.83000000	          0.31070022	         -0.94435440	         -0.10798214	         -0.33239356	         -0.21438058	          0.91845277	         -0.89049418	         -0.24947091	         -0.38050542	         -1.96356030	         -0.10819309	          1.25294354	
          1.84000000	          0.31532184	         -0.94170491	         -0.11732009	         -0.33547943	         -0.22625983	          0.91447255	         -0.88770811	         -0.24899469	         -0.38726729	         -1.97138480	         -0.11759090	          1.24768908	
          1.85000000	          0.32016914	         -0.93886161	         -0.12661204	         -0.33829810	         -0.23814082	          0.91040834	         -0.88489893	         -0.24865204	         -0.39386044	         -1.97910306	         -0.12695279	          1.24214518	
          1.86000000	          0.32524242	         -0.93582255	         -0.13584378	         -0.34086796	         -0.25001953	          0.90625563	         -0.88205805	         -0.24844798	         -0.40030888	         -1.98674113	         -0.13626509	          1.23630839	
          1.87000000	          0.33053838	         -0.93258746	         -0.14500005	         -0.34321368	         -0.26189116	          0.90200742	         -0.87917504	         -0.24838208	         -0.40664185	         -1.99433091	         -0.14551302	          1.23017908	
          1.88000000	          0.33605174	         -0.92915801	         -0.15406045	         -0.34536390	         -0.27374620	          0.89765628	         -0.87623798	         -0.24845204	         -0.41289052	         -2.00190622	         -0.15467648	          1.22376012	
          1.89000000	          0.34177793	         -0.92553612	         -0.16300532	         -0.34734545	         -0.28557565	          0.89319521	         -0.87323478	         -0.24865525	         -0.41908422	         -2.00949903	         -0.16373595	          1.21705371	
          1.90000000	          0.34771375	         -0.92172346	         -0.17181679	         -0.34918239	         -0.29737223	          0.88861770	         -0.87015332	         -0.24898919	         -0.42525001	         -2.01713900	         -0.17267359	          1.21006062	
          1.91000000	          0.35385466	         -0.91772284	         -0.18047622	         -0.35089982	         -0.30912769	          0.88391707	         -0.86698108	         -0.24944910	         -0.43141505	         -2.02485597	         -0.18147060	          1.20278332	
          1.92000000	          0.36019458	         -0.91353815	         -0.18896540	         -0.35252278	         -0.32083364	          0.87908672	         -0.86370571	         -0.25002766	         -0.43760554	         -2.03267890	         -0.19010846	          1.19522618	
          1.93000000	          0.36672618	         -0.90917410	         -0.19726724	         -0.35407526	         -0.33248196	          0.87412039	         -0.86031542	         -0.25071538	         -0.44384589	         -2.04063494	         -0.19856960	          1.18739514	
          1.94000000	          0.37344102	         -0.90463614	         -0.20536615	         -0.35557917	         -0.34406496	          0.86901252	         -0.85679943	         -0.25150100	         -0.45015774	         -2.04874842	         -0.20683781	          1.17929758	
