name C:\Users\u0101727\Documents\MyRepositories\upper-imu-dc\Results\main_tracking\Case_32\ABD01_orientations_groundFrame.mot
datacolumns 13
datarows 700
range 2.810000 9.800000
endheader 
time	radius_imu_[0][0]	radius_imu_[0][1]	radius_imu_[0][2]	radius_imu_[1][0]	radius_imu_[1][1]	radius_imu_[1][2]	radius_imu_[2][0]	radius_imu_[2][1]	radius_imu_[2][2]	radius_imu_x	radius_imu_y	radius_imu_z	
          2.81000000	          0.51094339	         -0.06562592	          0.85710565	         -0.19917911	          0.96090824	          0.19230971	         -0.83622039	         -0.26897692	          0.47789840	         -0.38257975	          1.02962457	          0.12774131	
          2.82000000	          0.51596424	         -0.06467282	          0.85416528	         -0.19710388	          0.96142672	          0.19185599	         -0.83362519	         -0.26735012	          0.48331455	         -0.37788196	          1.02394349	          0.12469329	
          2.83000000	          0.52091927	         -0.06375880	          0.85122143	         -0.19545851	          0.96180250	          0.19165575	         -0.83092664	         -0.26621564	          0.48855926	         -0.37384014	          1.01830831	          0.12179093	
          2.84000000	          0.52556800	         -0.06292022	          0.84842167	         -0.19408681	          0.96209522	          0.19158051	         -0.82831672	         -0.26535603	          0.49343448	         -0.37034426	          1.01299632	          0.11915142	
          2.85000000	          0.52967323	         -0.06218233	          0.84591940	         -0.19290792	          0.96234237	          0.19152990	         -0.82597385	         -0.26463281	          0.49773152	         -0.36733956	          1.00828676	          0.11686262	
          2.86000000	          0.53304779	         -0.06156149	          0.84384254	         -0.19188252	          0.96256656	          0.19143332	         -0.82403954	         -0.26396174	          0.50128140	         -0.36479569	          1.00440444	          0.11498023	
          2.87000000	          0.53559930	         -0.06106545	          0.84226148	         -0.19098375	          0.96278150	          0.19125112	         -0.82259261	         -0.26329222	          0.50400259	         -0.36267904	          1.00146473	          0.11352311	
          2.88000000	          0.53735752	         -0.06069338	          0.84116776	         -0.19017719	          0.96299626	          0.19097338	         -0.82163223	         -0.26259190	          0.50593079	         -0.36093383	          0.99943904	          0.11247120	
          2.89000000	          0.53848006	         -0.06043592	          0.84046816	         -0.18941028	          0.96321820	          0.19061594	         -0.82107428	         -0.26183620	          0.50722661	         -0.35947218	          0.99814663	          0.11176654	
          2.90000000	          0.53923335	         -0.06027583	          0.83999656	         -0.18861163	          0.96345445	          0.19021352	         -0.82076369	         -0.26100260	          0.50815805	         -0.35817403	          0.99727687	          0.11131851	
          2.91000000	          0.53994782	         -0.06018984	          0.83954364	         -0.18769985	          0.96371205	          0.18981003	         -0.82050296	         -0.26006973	          0.50905660	         -0.35689869	          0.99644269	          0.11101512	
          2.92000000	          0.54095149	         -0.06015153	          0.83890004	         -0.18659971	          0.96399704	          0.18944723	         -0.82009270	         -0.25902027	          0.51025138	         -0.35550721	          0.99525914	          0.11074087	
          2.93000000	          0.54249737	         -0.06013497	          0.83790238	         -0.18526084	          0.96431284	          0.18915383	         -0.81937478	         -0.25784595	          0.51199652	         -0.35389041	          0.99342874	          0.11039772	
          2.94000000	          0.54471003	         -0.06011772	          0.83646688	         -0.18367175	          0.96465894	          0.18893868	         -0.81826381	         -0.25655213	          0.51441747	         -0.35199120	          0.99080404	          0.10992160	
          2.95000000	          0.54757397	         -0.06008201	          0.83459745	         -0.18186283	          0.96503054	          0.18879080	         -0.81675496	         -0.25515918	          0.51749892	         -0.34981063	          0.98740161	          0.10928682	
          2.96000000	          0.55096371	         -0.06001406	          0.83236849	         -0.17989809	          0.96541928	          0.18868572	         -0.81490838	         -0.25370048	          0.52111457	         -0.34739666	          0.98336761	          0.10849786	
          2.97000000	          0.55469042	         -0.05990312	          0.82989768	         -0.17786204	          0.96581438	          0.18859393	         -0.81282448	         -0.25221854	          0.52507350	         -0.34482615	          0.97892425	          0.10757687	
          2.98000000	          0.55853880	         -0.05974155	          0.82732421	         -0.17584841	          0.96620371	          0.18848798	         -0.81062429	         -0.25076150	          0.52915681	         -0.34219139	          0.97432732	          0.10655532	
          2.99000000	          0.56229117	         -0.05952611	          0.82479409	         -0.17395135	          0.96657448	          0.18834728	         -0.80843650	         -0.24938006	          0.53314165	         -0.33959221	          0.96983793	          0.10547066	
          3.00000000	          0.56575137	         -0.05925923	          0.82244376	         -0.17225620	          0.96691407	          0.18816212	         -0.80638278	         -0.24812401	          0.53682519	         -0.33712830	          0.96569376	          0.10436373	
          3.01000000	          0.56877301	         -0.05894938	          0.82037933	         -0.17082922	          0.96721099	          0.18793689	         -0.80455867	         -0.24703819	          0.54005323	         -0.33488928	          0.96207407	          0.10327434	
          3.02000000	          0.57128322	         -0.05861027	          0.81865763	         -0.16970952	          0.96745573	          0.18769145	         -0.80301567	         -0.24615897	          0.54274451	         -0.33294540	          0.95906963	          0.10223637	
          3.03000000	          0.57329287	         -0.05825907	          0.81727668	         -0.16890632	          0.96764116	          0.18745997	         -0.80175180	         -0.24551266	          0.54490145	         -0.33134241	          0.95666908	          0.10127417	
          3.04000000	          0.57489198	         -0.05791426	          0.81617716	         -0.16840184	          0.96776240	          0.18728790	         -0.80071220	         -0.24511605	          0.54660597	         -0.33010113	          0.95476358	          0.10040065	
          3.05000000	          0.57623518	         -0.05759319	          0.81525213	         -0.16815804	          0.96781634	          0.18722822	         -0.79979741	         -0.24497869	          0.54800507	         -0.32922053	          0.95316445	          0.09961654	
          3.06000000	          0.57752190	         -0.05730995	          0.81436111	         -0.16812501	          0.96780090	          0.18733765	         -0.79887573	         -0.24510606	          0.54929098	         -0.32868260	          0.95162750	          0.09891042	
          3.07000000	          0.57897327	         -0.05707372	          0.81334651	         -0.16824971	          0.96771427	          0.18767294	         -0.79779821	         -0.24550293	          0.55067806	         -0.32845846	          0.94988140	          0.09826000	
          3.08000000	          0.58080589	         -0.05688811	          0.81205188	         -0.16848426	          0.96755412	          0.18828721	         -0.79641545	         -0.24617628	          0.55237638	         -0.32851599	          0.94765956	          0.09763543	
          3.09000000	          0.58320406	         -0.05675156	          0.81034084	         -0.16879345	          0.96731701	          0.18922627	         -0.79459536	         -0.24713776	          0.55456392	         -0.32882840	          0.94473357	          0.09700453	
          3.10000000	          0.58629627	         -0.05665805	          0.80811296	         -0.16916015	          0.96699786	          0.19052557	         -0.79223830	         -0.24840494	          0.55736295	         -0.32938148	          0.94094138	          0.09633809	
          3.11000000	          0.59014409	         -0.05659770	          0.80531153	         -0.16958710	          0.96658997	          0.19220834	         -0.78928459	         -0.25000107	          0.56082912	         -0.33017621	          0.93620075	          0.09561246	
          3.12000000	          0.59474801	         -0.05655644	          0.80192030	         -0.17009410	          0.96608547	          0.19428550	         -0.78571165	         -0.25195283	          0.56495750	         -0.33122486	          0.93050259	          0.09480803	
          3.13000000	          0.60006743	         -0.05651536	          0.79795056	         -0.17071104	          0.96547626	          0.19675702	         -0.78152212	         -0.25428645	          0.56970306	         -0.33254208	          0.92388722	          0.09390469	
          3.14000000	          0.60604658	         -0.05644990	          0.79342356	         -0.17146902	          0.96475519	          0.19961413	         -0.77672769	         -0.25702302	          0.57500718	         -0.33413419	          0.91641321	          0.09287651	
          3.15000000	          0.61263757	         -0.05632964	          0.78835410	         -0.17239177	          0.96391725	          0.20284133	         -0.77133410	         -0.26017398	          0.58082115	         -0.33599046	          0.90812909	          0.09168831	
          3.16000000	          0.61981398	         -0.05611923	          0.78273959	         -0.17348921	          0.96296057	          0.20641813	         -0.76533138	         -0.26373771	          0.58712034	         -0.33807921	          0.89905572	          0.09029584	
          3.17000000	          0.62757271	         -0.05578069	          0.77655715	         -0.17475437	          0.96188682	          0.21032036	         -0.75869191	         -0.26769807	          0.59390600	         -0.34035000	          0.88918283	          0.08865026	
          3.18000000	          0.63592462	         -0.05527719	          0.76976900	         -0.17616398	          0.96070123	          0.21452133	         -0.75137616	         -0.27202496	          0.60119571	         -0.34274152	          0.87847919	          0.08670618	
          3.19000000	          0.64487854	         -0.05457733	          0.76233391	         -0.17768244	          0.95941183	          0.21899292	         -0.74334421	         -0.27667718	          0.60900667	         -0.34519288	          0.86691174	          0.08443075	
          3.20000000	          0.65442458	         -0.05365899	          0.75422091	         -0.17926815	          0.95802830	          0.22370675	         -0.73456885	         -0.28160699	          0.61733792	         -0.34765496	          0.85446680	          0.08181114	
          3.21000000	          0.66452246	         -0.05251169	          0.74542097	         -0.18088061	          0.95656047	          0.22863569	         -0.72504628	         -0.28676575	          0.62615757	         -0.35009911	          0.84116614	          0.07885783	
          3.22000000	          0.67509713	         -0.05113702	          0.73595439	         -0.18248695	          0.95501678	          0.23375515	         -0.71480233	         -0.29210950	          0.63539725	         -0.35252113	          0.82707528	          0.07560327	
          3.23000000	          0.68604008	         -0.04954728	          0.72587469	         -0.18406696	          0.95340307	          0.23904380	         -0.70389513	         -0.29760318	          0.64495270	         -0.35494074	          0.81230522	          0.07209696	
          3.24000000	          0.69721449	         -0.04776333	          0.71526961	         -0.18561581	          0.95172197	          0.24448325	         -0.69241514	         -0.30322261	          0.65468872	         -0.35739732	          0.79700983	          0.06839906	
          3.25000000	          0.70846371	         -0.04581210	          0.70425878	         -0.18714397	          0.94997291	          0.25005719	         -0.68048241	         -0.30895423	          0.66444787	         -0.35994346	          0.78137855	          0.06457411	
          3.26000000	          0.71962316	         -0.04372456	          0.69298677	         -0.18867453	          0.94815257	          0.25575109	         -0.66823979	         -0.31479337	          0.67406284	         -0.36263772	          0.76562367	          0.06068576	
          3.27000000	          0.73053353	         -0.04153383	          0.68161257	         -0.19023881	          0.94625552	          0.26155245	         -0.65584293	         -0.32074200	          0.68337004	         -0.36553833	          0.74996421	          0.05679296	
          3.28000000	          0.74105184	         -0.03927376	          0.67029825	         -0.19187192	          0.94427479	          0.26745148	         -0.64344956	         -0.32680682	          0.69222104	         -0.36869897	          0.73461061	          0.05294778	
          3.29000000	          0.75105910	         -0.03697792	          0.65919865	         -0.19360908	          0.94220223	          0.27344192	         -0.63120976	         -0.33299789	          0.70049029	         -0.37216669	          0.71975260	          0.04919465	
          3.30000000	          0.76046594	         -0.03467873	          0.64845118	         -0.19548201	          0.94002883	          0.27952206	         -0.61925628	         -0.33932755	          0.70808084	         -0.37598107	          0.70554812	          0.04557038	
          3.31000000	          0.76921792	         -0.03240645	          0.63816426	         -0.19751481	          0.93774503	          0.28569592	         -0.60769375	         -0.34580931	          0.71492952	         -0.38017366	          0.69211151	          0.04210420	
          3.32000000	          0.77729994	         -0.03018817	          0.62840551	         -0.19971956	          0.93534118	          0.29197427	         -0.59658772	         -0.35245645	          0.72101147	         -0.38476712	          0.67950173	          0.03881771	
          3.33000000	          0.78473834	         -0.02804645	          0.61919232	         -0.20209226	          0.93280817	          0.29837499	         -0.58595602	         -0.35928027	          0.72634237	         -0.38977431	          0.66771371	          0.03572467	
          3.34000000	          0.79159936	         -0.02599797	          0.61048715	         -0.20461051	          0.93013807	          0.30492248	         -0.57576470	         -0.36628853	          0.73097724	         -0.39519743	          0.65667551	          0.03283053	
          3.35000000	          0.79798390	         -0.02405218	          0.60219863	         -0.20723316	          0.92732468	          0.31164619	         -0.56592942	         -0.37348417	          0.73500576	         -0.40102766	          0.64625224	          0.03013206	
          3.36000000	          0.80401871	         -0.02221043	          0.59418903	         -0.20990229	          0.92436395	          0.31857858	         -0.55632269	         -0.38086478	          0.73854389	         -0.40724559	          0.63625701	          0.02761725	
          3.37000000	          0.80984387	         -0.02046653	          0.58628835	         -0.21254735	          0.92125391	          0.32575275	         -0.54678746	         -0.38842291	          0.74172173	         -0.41382352	          0.62646949	          0.02526682	
          3.38000000	          0.81559689	         -0.01880967	          0.57831471	         -0.21509102	          0.91799418	          0.33320046	         -0.53715693	         -0.39614756	          0.74466740	         -0.42073024	          0.61666140	          0.02305837	
          3.39000000	          0.82139569	         -0.01722976	          0.57009846	         -0.21745598	          0.91458488	          0.34095071	         -0.52727793	         -0.40402676	          0.74748937	         -0.42793814	          0.60662569	          0.02097312	
          3.40000000	          0.82732439	         -0.01572377	          0.56150433	         -0.21957123	          0.91102532	          0.34902915	         -0.51703272	         -0.41205053	          0.75026098	         -0.43543059	          0.59620266	          0.01900328	
          3.41000000	          0.83342525	         -0.01430036	          0.55244716	         -0.22137712	          0.90731283	          0.35745714	         -0.50635416	         -0.42021296	          0.75301164	         -0.44320626	          0.58529722	          0.01715685	
          3.42000000	          0.83969744	         -0.01298092	          0.54289935	         -0.22282901	          0.90344271	          0.36624924	         -0.49523272	         -0.42851227	          0.75572600	         -0.45127805	          0.57388571	          0.01545782	
          3.43000000	          0.84610135	         -0.01179676	          0.53289150	         -0.22390009	          0.89940914	          0.37540904	         -0.48371609	         -0.43694855	          0.75834999	         -0.45966693	          0.56201401	          0.01394158	
          3.44000000	          0.85256640	         -0.01078346	          0.52250765	         -0.22458379	          0.89520680	          0.38492456	         -0.47190322	         -0.44552049	          0.76080145	         -0.46839320	          0.54978937	          0.01264756	
          3.45000000	          0.85900092	         -0.00997461	          0.51187686	         -0.22489554	          0.89083242	          0.39476523	         -0.45993413	         -0.45422252	          0.76298263	         -0.47746847	          0.53736816	          0.01161135	
          3.46000000	          0.86530307	         -0.00939644	          0.50116096	         -0.22487278	          0.88628597	          0.40488198	         -0.44797638	         -0.46304308	          0.76479296	         -0.48689064	          0.52493986	          0.01085871	
          3.47000000	          0.87137256	         -0.00906440	          0.49053818	         -0.22457204	          0.88157091	          0.41521095	         -0.43620783	         -0.47196458	          0.76614109	         -0.49664258	          0.51270724	          0.01040207	
          3.48000000	          0.87712253	         -0.00898105	          0.48018268	         -0.22406285	          0.87669396	          0.42568009	         -0.42479631	         -0.48096469	          0.76695571	         -0.50669348	          0.50086296	          0.01023886	
          3.49000000	          0.88249014	         -0.00913381	          0.47024219	         -0.22341990	          0.87166426	          0.43621665	         -0.41387763	         -0.49001836	          0.76719444	         -0.51700125	          0.48956518	          0.01034967	
          3.50000000	          0.88744355	         -0.00949154	          0.46081867	         -0.22271596	          0.86649249	          0.44675314	         -0.40353629	         -0.49909987	          0.76684926	         -0.52751424	          0.47891743	          0.01069497	
          3.51000000	          0.89198233	         -0.01000114	          0.45195963	         -0.22201835	          0.86119041	          0.45722962	         -0.39379612	         -0.50818407	          0.76594619	         -0.53817196	          0.46896092	          0.01121180	
          3.52000000	          0.89612889	         -0.01058801	          0.44366756	         -0.22139047	          0.85577109	          0.46759181	         -0.38462874	         -0.51724630	          0.76453711	         -0.54890615	          0.45968693	          0.01181473	
          3.53000000	          0.89991222	         -0.01116482	          0.43592814	         -0.22089666	          0.85024991	          0.47778630	         -0.37598226	         -0.52626081	          0.76268401	         -0.55964407	          0.45106931	          0.01240593	
          3.54000000	          0.90335279	         -0.01164614	          0.42874014	         -0.22060506	          0.84464572	          0.48775713	         -0.36781402	         -0.53519901	          0.76044387	         -0.57031361	          0.44309778	          0.01289142	
          3.55000000	          0.90646848	         -0.01194945	          0.42210437	         -0.22058100	          0.83898108	          0.49744826	         -0.36008181	         -0.54402937	          0.75787408	         -0.58084248	          0.43576538	          0.01318166	
          3.56000000	          0.90930765	         -0.01196280	          0.41595250	         -0.22087220	          0.83328172	          0.50681066	         -0.35266849	         -0.55271916	          0.75506719	         -0.59114323	          0.42898996	          0.01315518	
          3.57000000	          0.91198941	         -0.01148539	          0.41005292	         -0.22149793	          0.82757492	          0.51580851	         -0.34527378	         -0.56123777	          0.75219557	         -0.60108936	          0.42251209	          0.01259311	
          3.58000000	          0.91461692	         -0.01030077	          0.40419029	         -0.22248848	          0.82188953	          0.52440106	         -0.33760150	         -0.56955377	          0.74942227	         -0.61055174	          0.41609341	          0.01126191	
          3.59000000	          0.91720376	         -0.00829531	          0.39833209	         -0.22389150	          0.81626004	          0.53253370	         -0.32956010	         -0.57762508	          0.74681953	         -0.61944322	          0.40969773	          0.00904389	
          3.60000000	          0.91978057	         -0.00535490	          0.39239652	         -0.22572558	          0.81072095	          0.54016618	         -0.32101661	         -0.58540828	          0.74447664	         -0.62767841	          0.40323564	          0.00582186	
          3.61000000	          0.92251623	         -0.00119278	          0.38595646	         -0.22793193	          0.80530545	          0.54729350	         -0.31146564	         -0.59285893	          0.74263547	         -0.63510389	          0.39624439	          0.00129297	
          3.62000000	          0.92580364	          0.00493821	          0.37797253	         -0.23041562	          0.80004662	          0.55392603	         -0.29966024	         -0.59991751	          0.74182391	         -0.64139105	          0.38760538	         -0.00533392	
          3.63000000	          0.92977055	          0.01360222	          0.36788817	         -0.23321209	          0.79498659	          0.56000754	         -0.28484881	         -0.60647449	          0.74232732	         -0.64630757	          0.37673689	         -0.01462861	
          3.64000000	          0.93056901	          0.01659121	          0.36574041	         -0.23635314	          0.79014202	          0.56551992	         -0.27960421	         -0.61269921	          0.73920306	         -0.65305743	          0.37442821	         -0.01782722	
          3.65000000	          0.93129917	          0.01908063	          0.36375513	         -0.23906339	          0.78547496	          0.57085706	         -0.27482823	         -0.61859924	          0.73607366	         -0.65964946	          0.37229603	         -0.02048532	
          3.66000000	          0.93320741	          0.02398743	          0.35853666	         -0.24139387	          0.78095296	          0.57605683	         -0.26618215	         -0.62412906	          0.73458150	         -0.66503060	          0.36669987	         -0.02569862	
          3.67000000	          0.93480328	          0.02774992	          0.35408018	         -0.24321557	          0.77652497	          0.58125309	         -0.25882238	         -0.62947511	          0.73264730	         -0.67067905	          0.36193035	         -0.02967659	
          3.68000000	          0.93621255	          0.03051743	          0.35010676	         -0.24451240	          0.77212859	          0.58654166	         -0.25242769	         -0.63473311	          0.73033837	         -0.67663408	          0.35768507	         -0.03258515	
          3.69000000	          0.93757269	          0.03260745	          0.34625741	         -0.24532798	          0.76770115	          0.59198744	         -0.24651901	         -0.63997789	          0.72777515	         -0.68287094	          0.35357878	         -0.03476457	
          3.70000000	          0.93885362	          0.03396483	          0.34263722	         -0.24572132	          0.76317926	          0.59764408	         -0.24119474	         -0.64529358	          0.72485950	         -0.68950035	          0.34972260	         -0.03616114	
          3.71000000	          0.94003994	          0.03461850	          0.33930291	         -0.24577839	          0.75850607	          0.60354083	         -0.23646963	         -0.65074581	          0.72153448	         -0.69658566	          0.34617574	         -0.03681000	
          3.72000000	          0.94114019	          0.03468801	          0.33623190	         -0.24559386	          0.75363495	          0.60968682	         -0.23224729	         -0.65637726	          0.71779530	         -0.70413874	          0.34291298	         -0.03684075	
          3.73000000	          0.94217719	          0.03433116	          0.33335193	         -0.24525021	          0.74853101	          0.61607927	         -0.22837354	         -0.66221047	          0.71366856	         -0.71214017	          0.33985664	         -0.03642200	
          3.74000000	          0.94318438	          0.03371573	          0.33055480	         -0.24480493	          0.74317118	          0.62270952	         -0.22466369	         -0.66825134	          0.70920122	         -0.72055115	          0.33689136	         -0.03573149	
          3.75000000	          0.94420555	          0.03301126	          0.32769823	         -0.24428498	          0.73754337	          0.62956702	         -0.22090886	         -0.67449243	          0.70445670	         -0.72931883	          0.33386625	         -0.03494771	
          3.76000000	          0.94528516	          0.03235809	          0.32463659	         -0.24368529	          0.73164454	          0.63664256	         -0.21691805	         -0.68091792	          0.69949792	         -0.73839034	          0.33062748	         -0.03421768	
          3.77000000	          0.94645661	          0.03183523	          0.32125753	         -0.24297256	          0.72547853	          0.64392953	         -0.21256579	         -0.68750812	          0.69436904	         -0.74772671	          0.32705711	         -0.03362355	
          3.78000000	          0.94773760	          0.03145784	          0.31749622	         -0.24209633	          0.71905444	          0.65142159	         -0.20780475	         -0.69424140	          0.68909075	         -0.75730499	          0.32308792	         -0.03318038	
          3.79000000	          0.94913349	          0.03120900	          0.31332351	         -0.24100581	          0.71238591	          0.65910736	         -0.20263717	         -0.70109366	          0.68367087	         -0.76710715	          0.31869076	         -0.03286973	
          3.80000000	          0.95064294	          0.03108143	          0.30872634	         -0.23966661	          0.70549094	          0.66696511	         -0.19707340	         -0.70803706	          0.67811916	         -0.77710590	          0.31385367	         -0.03268353	
          3.81000000	          0.95226069	          0.03110131	          0.30369768	         -0.23807024	          0.69839128	          0.67496087	         -0.19110764	         -0.71504009	          0.67245486	         -0.78725803	          0.30857125	         -0.03264889	
          3.82000000	          0.95397717	          0.03132509	          0.29823866	         -0.23623361	          0.69111097	          0.68305147	         -0.18471936	         -0.72206950	          0.66670412	         -0.79750891	          0.30284681	         -0.03282452	
          3.83000000	          0.95577657	          0.03181696	          0.29236763	         -0.23419090	          0.68367405	          0.69119058	         -0.17789258	         -0.72909360	          0.66089088	         -0.80780408	          0.29670171	         -0.03327683	
          3.84000000	          0.95763562	          0.03262081	          0.28612918	         -0.23198306	          0.67610202	          0.69933534	         -0.17063963	         -0.73608555	          0.65502685	         -0.81810189	          0.29018467	         -0.03405074	
          3.85000000	          0.95952431	          0.03374053	          0.27959734	         -0.22964919	          0.66841183	          0.70745097	         -0.16301640	         -0.74302571	          0.64910589	         -0.82838136	          0.28337470	         -0.03514933	
          3.86000000	          0.96140913	          0.03513610	          0.27286981	         -0.22722188	          0.66061493	          0.71551249	         -0.15512155	         -0.74990224	          0.64310492	         -0.83864283	          0.27637479	         -0.03653021	
          3.87000000	          0.96325767	          0.03673422	          0.26605501	         -0.22472593	          0.65271735	          0.72350420	         -0.14708136	         -0.75671042	          0.63699012	         -0.84890284	          0.26929821	         -0.03811693	
          3.88000000	          0.96504291	          0.03844618	          0.25925679	         -0.22217880	          0.64472053	          0.73141781	         -0.13902795	         -0.76345093	          0.63072490	         -0.85918639	          0.26225260	         -0.03981778	
          3.89000000	          0.96674573	          0.04018534	          0.25256253	         -0.21959219	          0.63662259	          0.73925027	         -0.13107999	         -0.77012780	          0.62427655	         -0.86952000	          0.25532773	         -0.04154372	
          3.90000000	          0.96835503	          0.04187971	          0.24603787	         -0.21697478	          0.62841952	          0.74700124	         -0.12333080	         -0.77674642	          0.61762004	         -0.87992667	          0.24859033	         -0.04322136	
          3.91000000	          0.96986589	          0.04347962	          0.23972835	         -0.21433677	          0.62010654	          0.75467054	         -0.11584433	         -0.78331182	          0.61073946	         -0.89042266	          0.24208604	         -0.04480055	
          3.92000000	          0.97127697	          0.04496122	          0.23366545	         -0.21169516	          0.61167936	          0.76225554	         -0.10865639	         -0.78982710	          0.60362815	         -0.90101559	          0.23584579	         -0.04625781	
          3.93000000	          0.97258812	          0.04632584	          0.22787337	         -0.20907739	          0.60313529	          0.76974961	         -0.10177917	         -0.79629249	          0.59628790	         -0.91170385	          0.22989303	         -0.04759554	
          3.94000000	          0.97379904	          0.04759468	          0.22237394	         -0.20652100	          0.59447383	          0.77714216	         -0.09520766	         -0.80270518	          0.58872735	         -0.92247800	          0.22424870	         -0.04883639	
          3.95000000	          0.97490922	          0.04879950	          0.21718798	         -0.20406864	          0.58569665	          0.78442044	         -0.08892695	         -0.80905997	          0.58095951	         -0.93332381	          0.21893276	         -0.05001369	
          3.96000000	          0.97591866	          0.04997269	          0.21233347	         -0.20176048	          0.57680733	          0.79157187	         -0.08291852	         -0.81535026	          0.57299955	         -0.94422555	          0.21396226	         -0.05116111	
          3.97000000	          0.97682884	          0.05114083	          0.20782212	         -0.19962770	          0.56781148	          0.79858557	         -0.07716345	         -0.82156846	          0.56486376	         -0.95516763	          0.20934793	         -0.05230618	
          3.98000000	          0.97764317	          0.05232381	          0.20365672	         -0.19768971	          0.55871778	          0.80545219	         -0.07164231	         -0.82770566	          0.55657049	         -0.96613366	          0.20509148	         -0.05346934	
          3.99000000	          0.97836671	          0.05353803	          0.19983058	         -0.19595533	          0.54953931	          0.81216258	         -0.06633317	         -0.83375070	          0.54814203	         -0.97710394	          0.20118501	         -0.05466732	
          4.00000000	          0.97900555	          0.05480001	          0.19632905	         -0.19442589	          0.54029453	          0.81870653	         -0.06121039	         -0.83968969	          0.53960589	         -0.98805355	          0.19761270	         -0.05591683	
          4.01000000	          0.97956604	          0.05612740	          0.19313229	         -0.19309795	          0.53100697	          0.82507259	         -0.05624541	         -0.84550654	          0.53099448	         -0.99895245	          0.19435354	         -0.05723565	
          4.02000000	          0.98005441	          0.05753708	          0.19021788	         -0.19196459	          0.52170347	          0.83124911	         -0.05140968	         -0.85118445	          0.52234287	         -1.00976794	          0.19138407	         -0.05864074	
          4.03000000	          0.98047652	          0.05904186	          0.18756291	         -0.19101557	          0.51241165	          0.83722598	         -0.04667804	         -0.85670786	          0.51368551	         -1.02046834	          0.18868044	         -0.06014489	
          4.04000000	          0.98083795	          0.06064759	          0.18514529	         -0.19023739	          0.50315713	          0.84299623	         -0.04203148	         -0.86206425	          0.50505304	         -1.03102663	          0.18621971	         -0.06175381	
          4.05000000	          0.98114406	          0.06235160	          0.18294427	         -0.18961327	          0.49396105	          0.84855718	         -0.03745844	         -0.86724550	          0.49646964	         -1.04142334	          0.18398043	         -0.06346455	
          4.06000000	          0.98140025	          0.06414222	          0.18094011	         -0.18912302	          0.48483842	          0.85391111	         -0.03295497	         -0.87224852	          0.48795132	         -1.05164835	          0.18194225	         -0.06526503	
          4.07000000	          0.98161225	          0.06599909	          0.17911310	         -0.18874259	          0.47579716	          0.85906536	         -0.02852397	         -0.87707536	          0.47950516	         -1.06170164	          0.18008490	         -0.06713436	
          4.08000000	          0.98178638	          0.06789443	          0.17744251	         -0.18844393	          0.46683816	          0.86403184	         -0.02417399	         -0.88173266	          0.47112964	         -1.07159274	          0.17838711	         -0.06904405	
          4.09000000	          0.98192947	          0.06979540	          0.17590655	         -0.18819619	          0.45795633	          0.86882576	         -0.01991748	         -0.88623056	          0.46281604	         -1.08133888	          0.17682661	         -0.07096051	
          4.10000000	          0.98204838	          0.07166778	          0.17448412	         -0.18796893	          0.44914232	          0.87346371	         -0.01576900	         -0.89058122	          0.45455080	         -1.09096197	          0.17538183	         -0.07284871	
          4.11000000	          0.98214907	          0.07348025	          0.17315847	         -0.18773729	          0.44038481	          0.87796123	         -0.01174355	         -0.89479711	          0.44631851	         -1.10048479	          0.17403568	         -0.07467665	
          4.12000000	          0.98223541	          0.07520865	          0.17192227	         -0.18748841	          0.43167287	          0.88233023	         -0.00785531	         -0.89888942	          0.43810513	         -1.10992703	          0.17278066	         -0.07641976	
          4.13000000	          0.98230798	          0.07683946	          0.17078269	         -0.18722735	          0.42299820	          0.88657681	         -0.00411668	         -0.90286667	          0.42990096	         -1.11930165	          0.17162397	         -0.07806443	
          4.14000000	          0.98236341	          0.07837210	          0.16976440	         -0.18698088	          0.41435708	          0.89069993	         -0.00053706	         -0.90673371	          0.42170332	         -1.12861209	          0.17059059	         -0.07961052	
          4.15000000	          0.98239442	          0.07981990	          0.16890824	         -0.18679647	          0.40575161	          0.89469141	          0.00287938	         -0.91049130	          0.41351819	         -1.13785085	          0.16972189	         -0.08107227	
          4.16000000	          0.98239117	          0.08120901	          0.16826376	         -0.18673494	          0.39718997	          0.89853781	          0.00613669	         -0.91413633	          0.40536047	         -1.14700021	          0.16906805	         -0.08247711	
          4.17000000	          0.98234369	          0.08257491	          0.16787574	         -0.18685639	          0.38868530	          0.90222416	          0.00925024	         -0.91766286	          0.39725220	         -1.15603545	          0.16867443	         -0.08386193	
          4.18000000	          0.98224502	          0.08395646	          0.16776780	         -0.18720229	          0.38025328	          0.90573878	          0.01224837	         -0.92106392	          0.38921874	         -1.16493025	          0.16856493	         -0.08526681	
          4.19000000	          0.98209413	          0.08538916	          0.16792798	         -0.18777897	          0.37190885	          0.90907803	          0.01517150	         -0.92433354	          0.38128379	         -1.17366307	          0.16872742	         -0.08672789	
          4.20000000	          0.98189773	          0.08689915	          0.16830146	         -0.18854805	          0.36366293	          0.91224937	          0.01806869	         -0.92746850	          0.37346447	         -1.18222264	          0.16910630	         -0.08827124	
          4.21000000	          0.98167050	          0.08850006	          0.16879207	         -0.18942632	          0.35552004	          0.91527218	          0.02099268	         -0.93046936	          0.36576778	         -1.19061126	          0.16960402	         -0.08990946	
          4.22000000	          0.98143405	          0.09019299	          0.16927031	         -0.19029301	          0.34747745	          0.91817645	          0.02399547	         -0.93334058	          0.35818930	         -1.19884527	          0.17008925	         -0.09164178	
          4.23000000	          0.98121495	          0.09196928	          0.16958443	         -0.19100115	          0.33952580	          0.92099989	          0.02712540	         -0.93608968	          0.35071402	         -1.20695304	          0.17040798	         -0.09345695	
          4.24000000	          0.98104214	          0.09381426	          0.16957358	         -0.19139134	          0.33165104	          0.92378404	          0.03042486	         -0.93872598	          0.34331888	         -1.21497106	          0.17039697	         -0.09533725	
