name C:\Users\u0101727\Documents\MyRepositories\upper-imu-dc\Results\main_mocap_tracking\Case_13\FLX01_orientations_groundFrame.mot
datacolumns 13
datarows 100
range 1.510000 2.500000
endheader 
time	radius_imu_[0][0]	radius_imu_[0][1]	radius_imu_[0][2]	radius_imu_[1][0]	radius_imu_[1][1]	radius_imu_[1][2]	radius_imu_[2][0]	radius_imu_[2][1]	radius_imu_[2][2]	radius_imu_x	radius_imu_y	radius_imu_z	
          1.51000000	          0.27704159	         -0.94011550	          0.19857193	         -0.29407924	          0.11378327	          0.94898407	         -0.91474879	         -0.32130394	         -0.24494576	         -1.82339668	          0.19990062	          1.28421921	
          1.52000000	          0.27733608	         -0.94143681	          0.19178486	         -0.30786583	          0.10200972	          0.94594537	         -0.91011172	         -0.32138878	         -0.26154525	         -1.84054804	          0.19298045	          1.28431195	
          1.53000000	          0.27740713	         -0.94288815	          0.18441047	         -0.31980689	          0.09037381	          0.94316283	         -0.90596293	         -0.32061584	         -0.27647179	         -1.85594092	          0.18547201	          1.28465988	
          1.54000000	          0.27788329	         -0.94423832	          0.17662068	         -0.32997157	          0.07884883	          0.94069210	         -0.90216387	         -0.31968242	         -0.28966103	         -1.86950627	          0.17755209	          1.28458295	
          1.55000000	          0.27893206	         -0.94541707	          0.16847396	         -0.33830616	          0.06744947	          0.93861574	         -0.89874682	         -0.31880580	         -0.30102660	         -1.88114623	          0.16928130	          1.28389987	
          1.56000000	          0.28055975	         -0.94640376	          0.16001922	         -0.34486911	          0.05618788	          0.93696756	         -0.89574077	         -0.31806107	         -0.31062137	         -1.89091196	          0.16071012	          1.28260118	
          1.57000000	          0.28271816	         -0.94719778	          0.15128390	         -0.34976856	          0.04505741	          0.93575199	         -0.89315866	         -0.31746843	         -0.31856146	         -1.89892349	          0.15186699	          1.28073600	
          1.58000000	          0.28522061	         -0.94784412	          0.14226989	         -0.35323369	          0.03403602	          0.93491578	         -0.89099672	         -0.31691177	         -0.32510271	         -1.90545168	          0.14275426	          1.27850020	
          1.59000000	          0.28864361	         -0.94811441	          0.13328143	         -0.35558854	          0.02309227	          0.93435728	         -0.88895537	         -0.31708961	         -0.33047319	         -1.91075500	          0.13367922	          1.27527146	
          1.60000000	          0.29101452	         -0.94868779	          0.12370135	         -0.35722082	          0.01219920	          0.93394029	         -0.88752681	         -0.31597888	         -0.33534088	         -1.91551977	          0.12401903	          1.27315406	
          1.61000000	          0.29365782	         -0.94907223	          0.11413585	         -0.35850258	          0.00134015	          0.93352778	         -0.88613824	         -0.31505573	         -0.33985129	         -1.91993309	          0.11438512	          1.27072385	
          1.62000000	          0.29526590	         -0.94971926	          0.10416994	         -0.35974484	         -0.00950764	          0.93300228	         -0.88509982	         -0.31295836	         -0.34446389	         -1.92447187	          0.10435927	          1.26937151	
          1.63000000	          0.30048330	         -0.94897589	          0.09567943	         -0.36113398	         -0.02035203	          0.93229182	         -0.88277519	         -0.31469122	         -0.34882289	         -1.92882714	          0.09582602	          1.26414465	
          1.64000000	          0.30519026	         -0.94830177	          0.08707848	         -0.36265181	         -0.03118486	          0.93140280	         -0.88053539	         -0.31583423	         -0.35342067	         -1.93346254	          0.08718891	          1.25943587	
          1.65000000	          0.30751046	         -0.94837771	          0.07756962	         -0.36417345	         -0.04198495	          0.93038431	         -0.87909898	         -0.31435170	         -0.35828479	         -1.93838645	          0.07764762	          1.25724389	
          1.66000000	          0.31035555	         -0.94816728	          0.06825138	         -0.36546822	         -0.05273025	          0.92932906	         -0.87756049	         -0.31336614	         -0.36289013	         -1.94307431	          0.06830448	          1.25446613	
          1.67000000	          0.31345870	         -0.94776889	          0.05897258	         -0.36634185	         -0.06339915	          0.92831794	         -0.87609206	         -0.31259346	         -0.36708042	         -1.94735281	          0.05900681	          1.25138765	
          1.68000000	          0.31664800	         -0.94724210	          0.04966342	         -0.36680451	         -0.07399642	          0.92735052	         -0.87475053	         -0.31186045	         -0.37088350	         -1.95124998	          0.04968385	          1.24819030	
          1.69000000	          0.31983944	         -0.94661251	          0.04034213	         -0.36707872	         -0.08454964	          0.92633934	         -0.87347349	         -0.31108860	         -0.37452362	         -1.95500839	          0.04035308	          1.24496126	
          1.70000000	          0.32300422	         -0.94588716	          0.03107659	         -0.36750722	         -0.09510227	          0.92514539	         -0.87212769	         -0.31024674	         -0.37833880	         -1.95899488	          0.03108160	          1.24172924	
          1.71000000	          0.32615010	         -0.94506343	          0.02193679	         -0.36840603	         -0.10570089	          0.92363646	         -0.87057631	         -0.30932577	         -0.38264142	         -1.96354963	          0.02193855	          1.23848518	
          1.72000000	          0.32930864	         -0.94413329	          0.01296716	         -0.36997287	         -0.11638518	          0.92172369	         -0.86872084	         -0.30832908	         -0.38763035	         -1.96889125	          0.01296752	          1.23519572	
          1.73000000	          0.33252390	         -0.94308554	          0.00418511	         -0.37228250	         -0.12718379	          0.91936392	         -0.86650655	         -0.30726852	         -0.39338589	         -1.97511160	          0.00418512	          1.23181473	
          1.74000000	          0.33584584	         -0.94190671	         -0.00439638	         -0.37536168	         -0.13811673	          0.91653007	         -0.86389304	         -0.30616258	         -0.39994161	         -1.98225369	         -0.00439640	          1.22828980	
          1.75000000	          0.33933033	         -0.94058105	         -0.01273676	         -0.37929109	         -0.14920116	          0.91316881	         -0.86080962	         -0.30503493	         -0.40738249	         -1.99041862	         -0.01273711	          1.22456217	
          1.76000000	          0.34304219	         -0.93909075	         -0.02075110	         -0.38425456	         -0.16045515	          0.90917687	         -0.85712921	         -0.30391232	         -0.41589279	         -1.99981912	         -0.02075259	          1.22056396	
          1.77000000	          0.34705469	         -0.93741707	         -0.02832440	         -0.39048931	         -0.17189597	          0.90441687	         -0.85268467	         -0.30282174	         -0.42570865	         -2.01073007	         -0.02832819	          1.21621903	
          1.78000000	          0.35144154	         -0.93554218	         -0.03535066	         -0.39816517	         -0.18353393	          0.89876571	         -0.84732127	         -0.30178820	         -0.43700176	         -2.02336280	         -0.03535802	          1.21145112	
          1.79000000	          0.35626393	         -0.93345111	         -0.04177365	         -0.40727012	         -0.19536615	          0.89216765	         -0.84095604	         -0.30083399	         -0.44976866	         -2.03774264	         -0.04178581	          1.20619679	
          1.80000000	          0.36155911	         -0.93113285	         -0.04760912	         -0.41756599	         -0.20737425	          0.88466636	         -0.83361481	         -0.29997923	         -0.46378746	         -2.05365619	         -0.04762713	          1.20041646	
          1.81000000	          0.36733595	         -0.92858037	         -0.05294138	         -0.42862778	         -0.21952703	          0.87640522	         -0.82543475	         -0.29924300	         -0.47865552	         -2.07068486	         -0.05296614	          1.19409853	
          1.82000000	          0.37357791	         -0.92578995	         -0.05790096	         -0.43993594	         -0.23178615	          0.86760103	         -0.81663695	         -0.29864387	         -0.49387846	         -2.08829561	         -0.05793336	          1.18725623	
          1.83000000	          0.38024963	         -0.92276036	         -0.06263820	         -0.45096920	         -0.24411136	          0.85850825	         -0.80748808	         -0.29819954	         -0.50895976	         -2.10593598	         -0.06267924	          1.17992108	
          1.84000000	          0.38730267	         -0.91949260	         -0.06730524	         -0.46126168	         -0.25646352	          0.84939045	         -0.79826957	         -0.29792586	         -0.52345570	         -2.12309483	         -0.06735616	          1.17213728	
          1.85000000	          0.39467963	         -0.91598986	         -0.07204551	         -0.47043000	         -0.26880575	          0.84049930	         -0.78925509	         -0.29783559	         -0.53700127	         -2.13933406	         -0.07210799	          1.16395774	
          1.86000000	          0.40231892	         -0.91225729	         -0.07698132	         -0.47819759	         -0.28110516	          0.83204985	         -0.78068339	         -0.29793712	         -0.54933316	         -2.15432023	         -0.07705755	          1.15543961	
          1.87000000	          0.41016117	         -0.90830149	         -0.08219628	         -0.48442298	         -0.29333523	          0.82418979	         -0.77272388	         -0.29823288	         -0.56031684	         -2.16786328	         -0.08228911	          1.14663805	
          1.88000000	          0.41815550	         -0.90412995	         -0.08772120	         -0.48911287	         -0.30547763	          0.81697737	         -0.76545057	         -0.29871801	         -0.56995874	         -2.17993883	         -0.08783409	          1.13760035	
          1.89000000	          0.42626229	         -0.89975090	         -0.09353493	         -0.49239850	         -0.31752146	          0.81038500	         -0.75884398	         -0.29938010	         -0.57838341	         -2.19066739	         -0.09367186	          1.12836356	
          1.90000000	          0.43445066	         -0.89517362	         -0.09958315	         -0.49447769	         -0.32946005	          0.80433071	         -0.75282431	         -0.30020036	         -0.58577752	         -2.20025075	         -0.09974848	          1.11895702	
          1.91000000	          0.44269283	         -0.89040914	         -0.10580464	         -0.49555103	         -0.34128702	          0.79871920	         -0.74729662	         -0.30115566	         -0.59232848	         -2.20889837	         -0.10600305	          1.10940797	
          1.92000000	          0.45095917	         -0.88547051	         -0.11215080	         -0.49578166	         -0.35299388	          0.79347077	         -0.74218352	         -0.30222061	         -0.59818587	         -2.21677933	         -0.11238725	          1.09974626	
          1.93000000	          0.45921546	         -0.88037279	         -0.11859559	         -0.49528007	         -0.36456941	          0.78853458	         -0.73744072	         -0.30336924	         -0.60344701	         -2.22400294	         -0.11887537	          1.09000680	
          1.94000000	          0.46742041	         -0.87513276	         -0.12514315	         -0.49409599	         -0.37599985	          0.78389621	         -0.73306706	         -0.30457636	         -0.60814959	         -2.23060832	         -0.12547211	          1.08023164	
          1.95000000	          0.47552363	         -0.86976838	         -0.13183415	         -0.49221458	         -0.38726987	          0.77958120	         -0.72911047	         -0.30581859	         -0.61226865	         -2.23655977	         -0.13221905	          1.07047142	
          1.96000000	          0.48346841	         -0.86429753	         -0.13873747	         -0.48957930	         -0.39836561	          0.77563971	         -0.72565172	         -0.30707430	         -0.61573936	         -2.24177425	         -0.13918644	          1.06078218	
          1.97000000	          0.49120457	         -0.85873581	         -0.14591392	         -0.48615889	         -0.40928033	          0.77210047	         -0.72275002	         -0.30832193	         -0.61852242	         -2.24620191	         -0.14643672	          1.05121280	
          1.98000000	          0.49871023	         -0.85309373	         -0.15335969	         -0.48203896	         -0.42002110	          0.76890878	         -0.72036557	         -0.30953733	         -0.62069323	         -2.24993580	         -0.15396729	          1.04178463	
          1.99000000	          0.50601276	         -0.84737456	         -0.16095790	         -0.47748773	         -0.43061239	          0.76588409	         -0.71830116	         -0.31069170	         -0.62250632	         -2.25329020	         -0.16166113	          1.03247240	
          2.00000000	          0.51319679	         -0.84157426	         -0.16846904	         -0.47295117	         -0.44109361	          0.76272775	         -0.71620266	         -0.31175180	         -0.62439136	         -2.25679388	         -0.16927630	          1.02319793	
          2.01000000	          0.52039091	         -0.83568413	         -0.17557147	         -0.46896805	         -0.45151039	          0.75908322	         -0.71362614	         -0.31268260	         -0.62687105	         -2.26108796	         -0.17648622	          1.01384368	
          2.02000000	          0.52773534	         -0.82969539	         -0.18193673	         -0.46603824	         -0.46190244	          0.75462209	         -0.71014349	         -0.31345127	         -0.63043201	         -2.26676921	         -0.18295570	          1.00428387	
          2.03000000	          0.53534170	         -0.82360433	         -0.18731033	         -0.46449617	         -0.47229274	          0.74912140	         -0.70544494	         -0.31403100	         -0.63539906	         -2.27424003	         -0.18842330	          0.99442206	
          2.04000000	          0.54325916	         -0.81741596	         -0.19157408	         -0.46442944	         -0.48268151	          0.74251185	         -0.69941031	         -0.31440372	         -0.64185319	         -2.28361115	         -0.19276569	          0.98422203	
          2.05000000	          0.55145876	         -0.81114500	         -0.19477432	         -0.46566457	         -0.49304659	          0.73488881	         -0.69213420	         -0.31456137	         -0.64961634	         -2.29468162	         -0.19602736	          0.97372070	
          2.06000000	          0.55984253	         -0.80481381	         -0.19710676	         -0.46782441	         -0.50334989	          0.72648415	         -0.68389814	         -0.31450537	         -0.65830821	         -2.30700233	         -0.19840591	          0.96301773	
          2.07000000	          0.56827304	         -0.79844819	         -0.19886238	         -0.47043608	         -0.51354747	          0.71760636	         -0.67509677	         -0.31424431	         -0.66745401	         -2.32000080	         -0.20019698	          0.95224658	
          2.08000000	          0.57660942	         -0.79207269	         -0.20035574	         -0.47304591	         -0.52359938	          0.70856986	         -0.66614498	         -0.31379060	         -0.67659909	         -2.33311781	         -0.20172101	          0.94154062	
          2.09000000	          0.58473378	         -0.78570739	         -0.20186707	         -0.47529551	         -0.53347577	          0.69964118	         -0.65740444	         -0.31315732	         -0.68538449	         -2.34590140	         -0.20326386	          0.93100910	
          2.10000000	          0.59255811	         -0.77936692	         -0.20362242	         -0.47693440	         -0.54315776	          0.69102332	         -0.64915981	         -0.31235693	         -0.69355943	         -2.35802617	         -0.20505645	          0.92073132	
          2.11000000	          0.60001449	         -0.77306138	         -0.20581231	         -0.47778193	         -0.55263446	          0.68287596	         -0.64164401	         -0.31140207	         -0.70094345	         -2.36925000	         -0.20729371	          0.91076585	
          2.12000000	          0.60704214	         -0.76679751	         -0.20861788	         -0.47768483	         -0.56189949	          0.67534151	         -0.63507247	         -0.31030716	         -0.70738421	         -2.37936392	         -0.21016153	          0.90116211	
          2.13000000	          0.61358726	         -0.76057848	         -0.21220523	         -0.47651736	         -0.57095067	          0.66854060	         -0.62963631	         -0.30908852	         -0.71275690	         -2.38819426	         -0.21383103	          0.89196057	
          2.14000000	          0.61962151	         -0.75440169	         -0.21667319	         -0.47423409	         -0.57979371	          0.66252644	         -0.62543681	         -0.30776182	         -0.71701566	         -2.39567202	         -0.21840541	          0.88317699	
          2.15000000	          0.62517241	         -0.74825531	         -0.22197624	         -0.47094513	         -0.58844804	          0.65722111	         -0.62239067	         -0.30633788	         -0.72026867	         -2.40193246	         -0.22384081	          0.87477671	
          2.16000000	          0.63035184	         -0.74211509	         -0.22786345	         -0.46696864	         -0.59695103	          0.65237241	         -0.62015873	         -0.30481907	         -0.72283365	         -2.40738659	         -0.22988284	          0.86665126	
          2.17000000	          0.63536701	         -0.73594353	         -0.23387153	         -0.46282304	         -0.60535747	          0.64756247	         -0.61814529	         -0.30319870	         -0.72523579	         -2.41271451	         -0.23605774	          0.85861043	
          2.18000000	          0.64050014	         -0.72969278	         -0.23939093	         -0.45914264	         -0.61373268	          0.64227737	         -0.61558720	         -0.30146417	         -0.72812894	         -2.41875953	         -0.24173849	          0.85040140	
          2.19000000	          0.64605428	         -0.72331145	         -0.24379174	         -0.45653355	         -0.62214043	          0.63601761	         -0.61171152	         -0.29960279	         -0.73215243	         -2.42634446	         -0.24627365	          0.84175663	
          2.20000000	          0.65228095	         -0.71675343	         -0.24656458	         -0.45542174	         -0.63062991	          0.62840827	         -0.60590478	         -0.29760787	         -0.73777297	         -2.43607554	         -0.24913378	          0.83245679	
          2.21000000	          0.65931901	         -0.70998548	         -0.24742488	         -0.45595314	         -0.63922652	          0.61927069	         -0.59783374	         -0.29548279	         -0.74517430	         -2.44820852	         -0.25002159	          0.82238290	
          2.22000000	          0.66716777	         -0.70299126	         -0.24635435	         -0.45797598	         -0.64792919	          0.60864256	         -0.58749057	         -0.29324232	         -0.75423058	         -2.46261525	         -0.24891687	          0.81153771	
          2.23000000	          0.67569866	         -0.69577111	         -0.24358546	         -0.46109466	         -0.65671363	          0.59675701	         -0.57517218	         -0.29091196	         -0.76455686	         -2.47883901	         -0.24606096	          0.80003284	
          2.24000000	          0.68469328	         -0.68833898	         -0.23955076	         -0.46476153	         -0.66553901	          0.58399876	         -0.56141948	         -0.28852605	         -0.77560356	         -2.49619959	         -0.24190311	          0.78805337	
          2.25000000	          0.69389020	         -0.68071806	         -0.23481761	         -0.46837373	         -0.67435530	          0.57085110	         -0.54693916	         -0.28612558	         -0.78675899	         -2.51390897	         -0.23703093	          0.77581599	
          2.26000000	          0.70302634	         -0.67293684	         -0.23002169	         -0.47135354	         -0.68310957	          0.55784151	         -0.53252212	         -0.28375574	         -0.79743518	         -2.53117236	         -0.23209997	          0.76353370	
          2.27000000	          0.71186520	         -0.66502589	         -0.22580634	         -0.47320317	         -0.69175062	          0.54549046	         -0.51896695	         -0.28146340	         -0.80712555	         -2.54726382	         -0.22777067	          0.75139311	
          2.28000000	          0.72021052	         -0.65701575	         -0.22277144	         -0.47353404	         -0.70023205	          0.53426640	         -0.50701315	         -0.27929442	         -0.81543381	         -2.56157558	         -0.22465644	          0.73954479	
          2.29000000	          0.72790805	         -0.64893560	         -0.22143272	         -0.47207573	         -0.70851425	          0.52454939	         -0.49728701	         -0.27729071	         -0.82207998	         -2.57364568	         -0.22328341	          0.72810334	
          2.30000000	          0.73484095	         -0.64081229	         -0.22218997	         -0.46867260	         -0.71656561	          0.51660403	         -0.49025990	         -0.27548744	         -0.82689292	         -2.58317080	         -0.22406001	          0.71715231	
          2.31000000	          0.74092455	         -0.63266942	         -0.22530029	         -0.46327704	         -0.72436360	          0.51056024	         -0.48621518	         -0.27391017	         -0.82979999	         -2.59001277	         -0.22725124	          0.70674913	
          2.32000000	          0.74610675	         -0.62452594	         -0.23085075	         -0.45594743	         -0.73189606	          0.50639914	         -0.48521815	         -0.27257201	         -0.83082359	         -2.59420645	         -0.23295196	          0.69692558	
          2.33000000	          0.75037780	         -0.61639435	         -0.23872820	         -0.44685519	         -0.73916270	          0.50394339	         -0.48708684	         -0.27147100	         -0.83009030	         -2.59597281	         -0.24105597	          0.68768127	
          2.34000000	          0.75379067	         -0.60827839	         -0.24859008	         -0.43629913	         -0.74617657	          0.50285544	         -0.49136819	         -0.27058810	         -0.82785227	         -2.59573388	         -0.25122436	          0.67897004	
          2.35000000	          0.75648752	         -0.60017115	         -0.25984844	         -0.42471863	         -0.75296449	          0.50265153	         -0.49733360	         -0.26988714	         -0.82451211	         -2.59411862	         -0.26286525	          0.67068245	
          2.36000000	          0.75872133	         -0.59205450	         -0.27168622	         -0.41268964	         -0.75956529	          0.50274033	         -0.50401310	         -0.26931772	         -0.82063315	         -2.59194180	         -0.27514473	          0.66263265	
          2.37000000	          0.76085479	         -0.58390121	         -0.28312431	         -0.40088569	         -0.76602505	          0.50249009	         -0.51028488	         -0.26882150	         -0.81691146	         -2.59013717	         -0.28705015	          0.65456200	
          2.38000000	          0.76332008	         -0.57568052	         -0.29314568	         -0.38999409	         -0.77238925	          0.50131771	         -0.51502141	         -0.26834080	         -0.81409223	         -2.58963669	         -0.29751541	          0.64617076	
          2.39000000	          0.76653851	         -0.56736649	         -0.30085540	         -0.38059986	         -0.77869361	          0.49877852	         -0.51726440	         -0.26782742	         -0.81283824	         -2.59121437	         -0.30558949	          0.63717822	
          2.40000000	          0.77082413	         -0.55894658	         -0.30562866	         -0.37307589	         -0.78495640	          0.49462898	         -0.51637635	         -0.26724927	         -0.81359283	         -2.59534337	         -0.31059861	          0.62739244	
          2.41000000	          0.77631038	         -0.55042727	         -0.30720029	         -0.36752174	         -0.79117511	          0.48884529	         -0.51212300	         -0.26659288	         -0.81649144	         -2.60211889	         -0.31224966	          0.61676063	
          2.42000000	          0.78292781	         -0.54183505	         -0.30567764	         -0.36377007	         -0.79732806	          0.48160076	         -0.50467353	         -0.26586226	         -0.82135369	         -2.61127036	         -0.31065005	          0.60537896	
          2.43000000	          0.79043767	         -0.53321228	         -0.30148457	         -0.36145156	         -0.80338015	          0.47321570	         -0.49453115	         -0.26507545	         -0.82775235	         -2.62225134	         -0.30624929	          0.59346006	
          2.44000000	          0.79850111	         -0.52461008	         -0.29526300	         -0.36008910	         -0.80929036	          0.46409586	         -0.48242287	         -0.26426007	         -0.83512562	         -2.63436864	         -0.29973078	          0.58127590	
          2.45000000	          0.80675337	         -0.51608127	         -0.28776574	         -0.35918797	         -0.81501855	          0.45467436	         -0.46918334	         -0.26344808	         -0.84288914	         -2.64690571	         -0.29189308	          0.56910134	
          2.46000000	          0.81486545	         -0.50767412	         -0.27975217	         -0.35830727	         -0.82053105	          0.44535906	         -0.45564261	         -0.26267047	         -0.85052574	         -2.65922184	         -0.28353597	          0.55717126	
          2.47000000	          0.82258169	         -0.49942793	         -0.27190275	         -0.35710319	         -0.82580428	          0.43649125	         -0.44253437	         -0.26195237	         -0.85763878	         -2.67081442	         -0.27536972	          0.54565801	
          2.48000000	          0.82973376	         -0.49136935	         -0.26476036	         -0.35534490	         -0.83082742	          0.42831740	         -0.43043221	         -0.26130816	         -0.86397116	         -2.68134739	         -0.26795541	          0.53466537	
          2.49000000	          0.83623800	         -0.48351129	         -0.25869449	         -0.35291305	         -0.83560274	          0.42097558	         -0.41971227	         -0.26073911	         -0.86940021	         -2.69065357	         -0.26167044	          0.52423448	
          2.50000000	          0.84209614	         -0.47581042	         -0.25392625	         -0.34975214	         -0.84017893	          0.41445483	         -0.41054541	         -0.26019956	         -0.87392715	         -2.69876121	         -0.25673741	          0.51431004	
