name C:\Users\antoi\Documents\MyRepositories\upper-imu-dc\Results\main_tracking\Case_76\FLX01_orientations_groundFrame.mot
datacolumns 13
datarows 600
range 0.510000 6.500000
endheader 
time	radius_imu_[0][0]	radius_imu_[0][1]	radius_imu_[0][2]	radius_imu_[1][0]	radius_imu_[1][1]	radius_imu_[1][2]	radius_imu_[2][0]	radius_imu_[2][1]	radius_imu_[2][2]	radius_imu_x	radius_imu_y	radius_imu_z	
          0.51000000	          0.69691275	         -0.02460548	          0.71673370	         -0.13537506	          0.97693023	          0.16516935	         -0.70426289	         -0.21213650	          0.67750416	         -0.23912633	          0.79910708	          0.03529174	
          0.52000000	          0.69532148	         -0.02800980	          0.71815283	         -0.13481737	          0.97641874	          0.16861412	         -0.70594073	         -0.21406049	          0.67514872	         -0.24473740	          0.80114426	          0.04026147	
          0.53000000	          0.69370760	         -0.03147047	          0.71956888	         -0.13421414	          0.97589853	          0.17207158	         -0.70764138	         -0.21594368	          0.67276445	         -0.25039991	          0.80318128	          0.04533453	
          0.54000000	          0.69205828	         -0.03499738	          0.72099274	         -0.13356484	          0.97536802	          0.17554959	         -0.70937703	         -0.21778983	          0.67033709	         -0.25613060	          0.80523389	          0.05052695	
          0.55000000	          0.69035916	         -0.03860121	          0.72243628	         -0.13287302	          0.97482421	          0.17906009	         -0.71116031	         -0.21960806	          0.66784977	         -0.26195345	          0.80731936	          0.05585651	
          0.56000000	          0.68859539	         -0.04229407	          0.72391132	         -0.13214345	          0.97426327	          0.18261758	         -0.71300385	         -0.22140977	          0.66528431	         -0.26789717	          0.80945504	          0.06134373	
          0.57000000	          0.68675303	         -0.04608933	          0.72542818	         -0.13138104	          0.97368078	          0.18623846	         -0.71491908	         -0.22320733	          0.66262297	         -0.27399367	          0.81165627	          0.06701146	
          0.58000000	          0.68482069	         -0.05000127	          0.72699415	         -0.13059028	          0.97307180	          0.18994067	         -0.71691478	         -0.22501367	          0.65985002	         -0.28027704	          0.81393415	          0.07288433	
          0.59000000	          0.68279095	         -0.05404476	          0.72861216	         -0.12977494	          0.97243091	          0.19374361	         -0.71899582	         -0.22684199	          0.65695337	         -0.28678265	          0.81629350	          0.07898804	
          0.60000000	          0.68066151	         -0.05823502	          0.73027980	         -0.12893766	          0.97175226	          0.19766795	         -0.72116224	         -0.22870553	          0.65392568	         -0.29354623	          0.81873143	          0.08534866	
          0.61000000	          0.67843589	         -0.06258738	          0.73198878	         -0.12807962	          0.97102959	          0.20173534	         -0.72340885	         -0.23061735	          0.65076515	         -0.30060307	          0.82123641	          0.09199208	
          0.62000000	          0.67612341	         -0.06711719	          0.73372503	         -0.12720037	          0.97025624	          0.20596820	         -0.72572529	         -0.23259002	          0.64747563	         -0.30798719	          0.82378829	          0.09894352	
          0.63000000	          0.67373865	         -0.07183976	          0.73546943	         -0.12629767	          0.96942521	          0.21038930	         -0.72809692	         -0.23463548	          0.64406604	         -0.31573074	          0.82635924	          0.10622716	
          0.64000000	          0.67130004	         -0.07677031	          0.73719914	         -0.12536763	          0.96852917	          0.21502139	         -0.73050613	         -0.23676478	          0.64054916	         -0.32386366	          0.82891565	          0.11386598	
          0.65000000	          0.66882815	         -0.08192404	          0.73888927	         -0.12440491	          0.96756045	          0.21988677	         -0.73293405	         -0.23898791	          0.63693991	         -0.33241346	          0.83142048	          0.12188180	
          0.66000000	          0.66634376	         -0.08731618	          0.74051461	         -0.12340300	          0.96651105	          0.22500687	         -0.73536229	         -0.24131365	          0.63325352	         -0.34140527	          0.83383577	          0.13029536	
          0.67000000	          0.66386617	         -0.09296204	          0.74205105	         -0.12235447	          0.96537264	          0.23040194	         -0.73777442	         -0.24374932	          0.62950392	         -0.35086192	          0.83612490	          0.13912663	
          0.68000000	          0.66141168	         -0.09887703	          0.74347691	         -0.12125122	          0.96413658	          0.23609063	         -0.74015723	         -0.24630059	          0.62570224	         -0.36080402	          0.83825447	          0.14839498	
          0.69000000	          0.65899227	         -0.10507665	          0.74477385	         -0.12008476	          0.96279396	          0.24208972	         -0.74250175	         -0.24897124	          0.62185567	         -0.37125017	          0.84019588	          0.15811944	
          0.70000000	          0.65661438	         -0.11157639	          0.74592779	         -0.11884653	          0.96133560	          0.24841372	         -0.74480404	         -0.25176295	          0.61796630	         -0.38221715	          0.84192678	          0.16831903	
          0.71000000	          0.65427788	         -0.11839163	          0.74692964	         -0.11752826	          0.95975209	          0.25507458	         -0.74706597	         -0.25467499	          0.61403019	         -0.39372028	          0.84343226	          0.17901305	
          0.72000000	          0.65197521	         -0.12553752	          0.74777581	         -0.11612239	          0.95803389	          0.26208138	         -0.74929561	         -0.25770408	          0.61003663	         -0.40577378	          0.84470580	          0.19022149	
          0.73000000	          0.64969094	         -0.13302872	          0.74846846	         -0.11462246	          0.95617138	          0.26944012	         -0.75150740	         -0.26084410	          0.60596781	         -0.41839119	          0.84574964	          0.20196532	
          0.74000000	          0.64740188	         -0.14087922	          0.74901525	         -0.11302340	          0.95415495	          0.27715346	         -0.75372178	         -0.26408592	          0.60179906	         -0.43158560	          0.84657454	          0.21426669	
          0.75000000	          0.64507777	         -0.14910202	          0.74942862	         -0.11132179	          0.95197508	          0.28522079	         -0.75596437	         -0.26741733	          0.59749966	         -0.44536988	          0.84719866	          0.22714900	
          0.76000000	          0.64268254	         -0.15770889	          0.74972465	         -0.10951582	          0.94962249	          0.29363822	         -0.75826475	         -0.27082287	          0.59303418	         -0.45975649	          0.84764589	          0.24063665	
          0.77000000	          0.64017608	         -0.16670998	          0.74992157	         -0.10760514	          0.94708826	          0.30239869	         -0.76065479	         -0.27428382	          0.58836440	         -0.47475706	          0.84794352	          0.25475458	
          0.78000000	          0.63751620	         -0.17611367	          0.75003805	         -0.10559073	          0.94436383	          0.31149245	         -0.76316689	         -0.27777855	          0.58345127	         -0.49038215	          0.84811960	          0.26952770	
          0.79000000	          0.63466079	         -0.18592629	          0.75009139	         -0.10347444	          0.94144119	          0.32090735	         -0.76583204	         -0.28128259	          0.57825719	         -0.50664030	          0.84820026	          0.28497992	
          0.80000000	          0.63157011	         -0.19615159	          0.75009583	         -0.10125855	          0.93831293	          0.33062901	         -0.76867802	         -0.28476902	          0.57274838	         -0.52353668	          0.84820697	          0.30113263	
          0.81000000	          0.62820819	         -0.20679136	          0.75006120	         -0.09894578	          0.93497191	          0.34064243	         -0.77172806	         -0.28820976	          0.56689588	         -0.54107412	          0.84815460	          0.31800473	
          0.82000000	          0.62441596	         -0.21789745	          0.75008360	         -0.09653776	          0.93140979	          0.35093627	         -0.77510333	         -0.29154159	          0.56055181	         -0.55935761	          0.84818848	          0.33574981	
          0.83000000	          0.62047616	         -0.22935802	          0.74993615	         -0.09403605	          0.92761706	          0.36150216	         -0.77856699	         -0.29482451	          0.55399635	         -0.57815543	          0.84796555	          0.35407063	
          0.84000000	          0.61627281	         -0.24121839	          0.74968094	         -0.09143620	          0.92358211	          0.37233790	         -0.78220665	         -0.29800970	          0.54712245	         -0.59754481	          0.84757984	          0.37308363	
          0.85000000	          0.61183447	         -0.25346841	          0.74927454	         -0.08873212	          0.91929371	          0.38343928	         -0.78599312	         -0.30108609	          0.53996479	         -0.61748503	          0.84696597	          0.39275248	
          0.86000000	          0.60719789	         -0.26609466	          0.74866838	         -0.08591362	          0.91474134	          0.39480011	         -0.78989212	         -0.30404261	          0.53256786	         -0.63791897	          0.84605115	          0.41302622	
          0.87000000	          0.60240674	         -0.27908118	          0.74781001	         -0.08296579	          0.90991514	          0.40641250	         -0.79386573	         -0.30686828	          0.52498482	         -0.65877345	          0.84475732	          0.43384005	
          0.88000000	          0.59751018	         -0.29241036	          0.74664434	         -0.07986887	          0.90480568	          0.41826744	         -0.79787377	         -0.30955269	          0.51727612	         -0.67996052	          0.84300328	          0.45511668	
          0.89000000	          0.59256112	         -0.30606326	          0.74511516	         -0.07659806	          0.89940415	          0.43035441	         -0.80187534	         -0.31208567	          0.50950807	         -0.70137809	          0.84070750	          0.47676756	
          0.90000000	          0.58761413	         -0.32001912	          0.74316714	         -0.07312316	          0.89370310	          0.44265989	         -0.80583040	         -0.31445593	          0.50175176	         -0.72290959	          0.83779139	          0.49869374	
          0.91000000	          0.58272376	         -0.33425578	          0.74074698	         -0.06941029	          0.88769593	          0.45516827	         -0.80970070	         -0.31665283	          0.49408072	         -0.74442821	          0.83418161	          0.52078852	
          0.92000000	          0.57794197	         -0.34874968	          0.73780535	         -0.06542273	          0.88137716	          0.46786127	         -0.81345125	         -0.31866590	          0.48656870	         -0.76580004	          0.82981329	          0.54294048	
          0.93000000	          0.57331532	         -0.36347602	          0.73429880	         -0.06112224	          0.87474266	          0.48071753	         -0.81705178	         -0.32048471	          0.47928690	         -0.78688839	          0.82463314	          0.56503774	
          0.94000000	          0.56888246	         -0.37840901	          0.73019133	         -0.05647129	          0.86778947	          0.49371290	         -0.82047775	         -0.32209945	          0.47230096	         -0.80755978	          0.81860194	          0.58697239	
          0.95000000	          0.56467147	         -0.39352204	          0.72545609	         -0.05143539	          0.86051577	          0.50682050	         -0.82371144	         -0.32350120	          0.46566774	         -0.82768990	          0.81169682	          0.60864536	
          0.96000000	          0.56069751	         -0.40878816	          0.72007676	         -0.04598597	          0.85292059	          0.52001131	         -0.82674276	         -0.32468248	          0.45943193	         -0.84717031	          0.80391294	          0.62997130	
          0.97000000	          0.55696092	         -0.42418030	          0.71404875	         -0.04010325	          0.84500365	          0.53325469	         -0.82956993	         -0.32563769	          0.45362300	         -0.86591425	          0.79526442	          0.65088257	
          0.98000000	          0.55344600	         -0.43967139	          0.70738009	         -0.03377888	          0.83676529	          0.54651884	         -0.83219980	         -0.32636317	          0.44825279	         -0.88386124	          0.78578476	          0.67133235	
          0.99000000	          0.55012074	         -0.45523470	          0.70009180	         -0.02701833	          0.82820628	          0.55977171	         -0.83464794	         -0.32685734	          0.44331378	         -0.90098041	          0.77552605	          0.69129632	
          1.00000000	          0.54693777	         -0.47084401	          0.69221745	         -0.01984255	          0.81932768	          0.57298205	         -0.83693808	         -0.32712088	          0.43877851	         -0.91727193	          0.76455712	          0.71077269	
          1.01000000	          0.54383641	         -0.48647374	          0.68380206	         -0.01228873	          0.81013073	          0.58612046	         -0.83910127	         -0.32715671	          0.43460045	         -0.93276612	          0.75296067	          0.72978043	
          1.02000000	          0.54074591	         -0.50209887	          0.67490043	         -0.00440994	          0.80061696	          0.59916028	         -0.84117443	         -0.32696974	          0.43071612	         -0.94752033	          0.74082975	          0.74835587	
          1.03000000	          0.53758927	         -0.51769498	          0.66557471	          0.00372607	          0.79078821	          0.61207853	         -0.84319861	         -0.32656687	          0.42704822	         -0.96161452	          0.72826360	          0.76654833	
          1.04000000	          0.53428750	         -0.53323803	          0.65589182	          0.01203891	          0.78064676	          0.62485655	         -0.84521709	         -0.32595682	          0.42350940	         -0.97514572	          0.71536346	          0.78441508	
          1.05000000	          0.53076365	         -0.54870424	          0.64592074	          0.02043817	          0.77019555	          0.63748027	         -0.84727341	         -0.32514992	          0.42000631	         -0.98822213	          0.70222877	          0.80201647	
          1.06000000	          0.52694651	         -0.56406996	          0.63572987	          0.02882637	          0.75943841	          0.64994026	         -0.84940945	         -0.32415797	          0.41644350	         -1.00095749	          0.68895369	          0.81941152	
          1.07000000	          0.52277359	         -0.57931164	          0.62538452	          0.03710208	          0.74838015	          0.66223152	         -0.85166379	         -0.32299408	          0.41272705	         -1.01346594	          0.67562421	          0.83665421	
          1.08000000	          0.51819356	         -0.59440591	          0.61494476	          0.04516315	          0.73702675	          0.67435292	         -0.85407010	         -0.32167250	          0.40876775	         -1.02585757	          0.66231591	          0.85379069	
          1.09000000	          0.51316767	         -0.60932962	          0.60446369	          0.05290968	          0.72538546	          0.68630642	         -0.85665600	         -0.32020828	          0.40448380	         -1.03823466	          0.64909248	          0.87085738	
          1.10000000	          0.50767053	         -0.62406009	          0.59398623	          0.06024669	          0.71346488	          0.69809613	         -0.85944224	         -0.31861712	          0.39980265	         -1.05068905	          0.63600490	          0.88787999	
          1.11000000	          0.50169002	         -0.63857528	          0.58354840	          0.06708620	          0.70127485	          0.70972743	         -0.86244221	         -0.31691513	          0.39466219	         -1.06330044	          0.62309139	          0.90487327	
          1.12000000	          0.49522668	         -0.65285398	          0.57317729	          0.07334879	          0.68882652	          0.72120592	         -0.86566188	         -0.31511856	          0.38901132	         -1.07613541	          0.61037806	          0.92184146	
          1.13000000	          0.48829260	         -0.66687598	          0.56289142	          0.07896464	          0.67613227	          0.73253651	         -0.86910006	         -0.31324364	          0.38281001	         -1.08924717	          0.59787991	          0.93877902	
          1.14000000	          0.48091016	         -0.68062225	          0.55270134	          0.08387423	          0.66320561	          0.74372269	         -0.87274884	         -0.31130640	          0.37602898	         -1.10267577	          0.58560219	          0.95567173	
          1.15000000	          0.47311062	         -0.69407510	          0.54261044	          0.08802865	          0.65006102	          0.75476594	         -0.87659414	         -0.30932252	          0.36864927	         -1.11644862	          0.57354172	          0.97249783	
          1.16000000	          0.46493274	         -0.70721835	          0.53261595	          0.09138982	          0.63671382	          0.76566534	         -0.88061651	         -0.30730721	          0.36066166	         -1.13058110	          0.56168841	          0.98922927	
          1.17000000	          0.45642131	         -0.72003745	          0.52270992	          0.09393052	          0.62317995	          0.77641729	         -0.88479187	         -0.30527498	          0.35206610	         -1.14507742	          0.55002661	          1.00583293	
          1.18000000	          0.44762576	         -0.73251966	          0.51288022	          0.09563425	          0.60947581	          0.78701545	         -0.88909238	         -0.30323948	          0.34287104	         -1.15993144	          0.53853655	          1.02227192	
          1.19000000	          0.43859878	         -0.74465409	          0.50311170	          0.09649487	          0.59561803	          0.79745088	         -0.89348746	         -0.30121329	          0.33309264	         -1.17512782	          0.52719560	          1.03850680	
          1.20000000	          0.42939494	         -0.75643180	          0.49338719	          0.09651603	          0.58162329	          0.80771220	         -0.89794468	         -0.29920776	          0.32275389	         -1.19064326	          0.51597965	          1.05449688	
          1.21000000	          0.42006934	         -0.76784573	          0.48368862	          0.09571026	          0.56750820	          0.81778603	         -0.90243077	         -0.29723288	          0.31188351	         -1.20644797	          0.50486424	          1.07020143	
          1.22000000	          0.41067644	         -0.77889072	          0.47399800	          0.09409792	          0.55328910	          0.82765739	         -0.90691259	         -0.29529717	          0.30051480	         -1.22250724	          0.49382573	          1.08558078	
          1.23000000	          0.40126898	         -0.78956335	          0.46429831	          0.09170590	          0.53898203	          0.83731022	         -0.91135791	         -0.29340773	          0.28868438	         -1.23878305	          0.48284219	          1.10059728	
          1.24000000	          0.39189717	         -0.79986178	          0.45457425	          0.08856634	          0.52460262	          0.84672787	         -0.91573610	         -0.29157028	          0.27643111	         -1.25523558	          0.47189416	          1.11521606	
          1.25000000	          0.38260813	         -0.80978555	          0.44481275	          0.08471542	          0.51016616	          0.85589356	         -0.92001865	         -0.28978934	          0.26379504	         -1.27182445	          0.46096518	          1.12940543	
          1.26000000	          0.37344561	         -0.81933537	          0.43500336	          0.08019232	          0.49568756	          0.86479075	         -0.92417940	         -0.28806838	          0.25081674	         -1.28850965	          0.45004201	          1.14313714	
          1.27000000	          0.36444987	         -0.82851294	          0.42513834	          0.07503852	          0.48118147	          0.87340346	         -0.92819476	         -0.28641003	          0.23753691	         -1.30525206	          0.43911472	          1.15638635	
          1.28000000	          0.35565782	         -0.83732072	          0.41521263	          0.06929736	          0.46666231	          0.88171660	         -0.93204366	         -0.28481627	          0.22399621	         -1.32201369	          0.42817652	          1.16913153	
          1.29000000	          0.34710309	         -0.84576186	          0.40522379	          0.06301381	          0.45214433	          0.88971612	         -0.93570760	         -0.28328851	          0.21023537	         -1.33875760	          0.41722361	          1.18135426	
          1.30000000	          0.33881605	         -0.85384012	          0.39517179	          0.05623441	          0.43764169	          0.89738924	         -0.93917058	         -0.28182762	          0.19629522	         -1.35544785	          0.40625485	          1.19303917	
          1.31000000	          0.33082377	         -0.86155980	          0.38505890	          0.04900705	          0.42316851	          0.90472466	         -0.94241920	         -0.28043382	          0.18221671	         -1.37204950	          0.39527164	          1.20417406	
          1.32000000	          0.32315022	         -0.86892568	          0.37488943	          0.04138075	          0.40873885	          0.91171278	         -0.94544252	         -0.27910698	          0.16804085	         -1.38852856	          0.38427751	          1.21474951	
          1.33000000	          0.31581590	         -0.87594321	          0.36466945	          0.03340521	          0.39436643	          0.91834591	         -0.94823226	         -0.27784638	          0.15380826	         -1.40485250	          0.37327778	          1.22475942	
          1.34000000	          0.30883793	         -0.88261832	          0.35440658	          0.02513036	          0.38006471	          0.92461845	         -0.95078262	         -0.27665089	          0.13955891	         -1.42099036	          0.36227938	          1.23420072	
          1.35000000	          0.30223006	         -0.88895748	          0.34410985	          0.01660567	          0.36584677	          0.93052695	         -0.95309036	         -0.27551904	          0.12533162	         -1.43691317	          0.35129057	          1.24307343	
          1.36000000	          0.29600255	         -0.89496772	          0.33378926	          0.00787949	          0.35172500	          0.93607021	         -0.95515465	         -0.27444908	          0.11116339	         -1.45259452	          0.34032053	          1.25138066	
          1.37000000	          0.29016229	         -0.90065665	          0.32345549	         -0.00100178	          0.33771092	          0.94124935	         -0.95697693	         -0.27343910	          0.09708871	         -1.46801106	          0.32937901	          1.25912847	
          1.38000000	          0.28471293	         -0.90603237	          0.31311962	         -0.00999456	          0.32381488	          0.94606767	         -0.95856072	         -0.27248719	          0.08313889	         -1.48314313	          0.31847606	          1.26632573	
          1.39000000	          0.27965495	         -0.91110351	          0.30279284	         -0.01905897	          0.31004590	          0.95053053	         -0.95991138	         -0.27159149	          0.06934117	         -1.49797535	          0.30762170	          1.27298394	
          1.40000000	          0.27498582	         -0.91587913	          0.29248627	         -0.02815989	          0.29641140	          0.95464512	         -0.96103581	         -0.27075025	          0.05571787	         -1.51249745	          0.29682577	          1.27911709	
          1.41000000	          0.27070007	         -0.92036872	          0.28221071	         -0.03726788	          0.28291704	          0.95842008	         -0.96194209	         -0.26996178	          0.04228547	         -1.52670494	          0.28609771	          1.28474150	
          1.42000000	          0.26678953	         -0.92458212	          0.27197655	         -0.04635999	          0.26956655	          0.96186518	         -0.96263913	         -0.26922439	          0.02905392	         -1.54059970	          0.27544641	          1.28987558	
          1.43000000	          0.26324365	         -0.92852942	          0.26179361	         -0.05542022	          0.25636173	          0.96499081	         -0.96313622	         -0.26853636	          0.01602629	         -1.55419014	          0.26488016	          1.29453949	
          1.44000000	          0.26004981	         -0.93222089	          0.25167105	         -0.06443943	          0.24330251	          0.96780755	         -0.96344261	         -0.26789570	          0.00319899	         -1.56749094	          0.25440650	          1.29875480	
          1.45000000	          0.25719389	         -0.93566685	          0.24161714	         -0.07341461	          0.23038707	          0.97032577	         -0.96356712	         -0.26730008	         -0.00943747	         -1.58052210	          0.24403202	          1.30254389	
          1.46000000	          0.25466102	         -0.93887758	          0.23163907	         -0.08234749	          0.21761210	          0.97255533	         -0.96351785	         -0.26674683	         -0.02189689	         -1.59330733	          0.23376224	          1.30592924	
          1.47000000	          0.25243604	         -0.94186315	          0.22174275	         -0.09124268	          0.20497305	          0.97450542	         -0.96330204	         -0.26623269	         -0.03419554	         -1.60587208	          0.22360135	          1.30893298	
          1.48000000	          0.25050414	         -0.94463339	          0.21193260	         -0.10010550	          0.19246459	          0.97618455	         -0.96292604	         -0.26575389	         -0.04634982	         -1.61824129	          0.21355205	          1.31157622	
          1.49000000	          0.24885133	         -0.94719776	          0.20221130	         -0.10893972	          0.18008078	          0.97760066	         -0.96239553	         -0.26530607	         -0.05837412	         -1.63043713	          0.20361534	          1.31387870	
          1.50000000	          0.24746461	         -0.94956536	          0.19257959	         -0.11774573	          0.16781528	          0.97876145	         -0.96171576	         -0.26488425	         -0.07027892	         -1.64247724	          0.19379026	          1.31585857	
          1.51000000	          0.24633212	         -0.95174486	          0.18303607	         -0.12651901	          0.15566157	          0.97967465	         -0.96089199	         -0.26448288	         -0.08206937	         -1.65437325	          0.18407381	          1.31753237	
          1.52000000	          0.24544307	         -0.95374454	          0.17357725	         -0.13524937	          0.14361304	          0.98034836	         -0.95992985	         -0.26409592	         -0.09374452	         -1.66613014	          0.17446090	          1.31891511	
          1.53000000	          0.24478748	         -0.95557222	          0.16419752	         -0.14392083	          0.13166299	          0.98079134	         -0.95883569	         -0.26371689	         -0.10529729	         -1.67774620	          0.16494444	          1.32002052	
          1.54000000	          0.24435598	         -0.95723530	          0.15488941	         -0.15251223	          0.11980469	          0.98101318	         -0.95761692	         -0.26333897	         -0.11671510	         -1.68921373	          0.15551552	          1.32086137	
          1.55000000	          0.24413943	         -0.95874074	          0.14564383	         -0.16099857	          0.10803133	          0.98102431	         -0.95628207	         -0.26295516	         -0.12798118	         -1.70052040	          0.14616371	          1.32144983	
          1.56000000	          0.24412863	         -0.96009503	          0.13645055	         -0.16935289	          0.09633599	          0.98083586	         -0.95484073	         -0.26255840	         -0.13907650	         -1.71165120	          0.13687756	          1.32179775	
          1.57000000	          0.24431411	         -0.96130414	          0.12729870	         -0.17754852	          0.08471157	          0.98045932	         -0.95330328	         -0.26214174	         -0.14998190	         -1.72259068	          0.12764504	          1.32191692	
          1.58000000	          0.24468612	         -0.96237353	          0.11817736	         -0.18556144	          0.07315081	          0.97990607	         -0.95168044	         -0.26169857	         -0.16068043	         -1.73332528	          0.11845418	          1.32181910	
          1.59000000	          0.24523464	         -0.96330804	          0.10907609	         -0.19337242	          0.06164617	          0.97918683	         -0.94998267	         -0.26122284	         -0.17115943	         -1.74384553	          0.10929355	          1.32151595	
          1.60000000	          0.24594972	         -0.96411185	          0.09998539	         -0.20096872	          0.05018983	          0.97831107	         -0.94821955	         -0.26070927	         -0.18141215	         -1.75414771	          0.10015274	          1.32101879	
          1.61000000	          0.24682176	         -0.96478845	          0.09089705	         -0.20834508	          0.03877364	          0.97728652	         -0.94639915	         -0.26015353	         -0.19143875	         -1.76423498	          0.09102268	          1.32033824	
          1.62000000	          0.24784201	         -0.96534056	          0.08180432	         -0.21550389	          0.02738911	          0.97611880	         -0.94452761	         -0.25955239	         -0.20124647	         -1.77411754	          0.08189584	          1.31948380	
          1.63000000	          0.24900296	         -0.96577013	          0.07270200	         -0.22245450	          0.01602753	          0.97481132	         -0.94260889	         -0.25890379	         -0.21084901	         -1.78381209	          0.07276620	          1.31846344	
          1.64000000	          0.25029876	         -0.96607832	          0.06358628	         -0.22921166	          0.00468004	          0.97336535	         -0.94064475	         -0.25820686	         -0.22026501	         -1.79334039	          0.06362920	          1.31728323	
          1.65000000	          0.25172537	         -0.96626552	          0.05445450	         -0.23579360	         -0.00666217	          0.97178032	         -0.93863503	         -0.25746178	         -0.22951626	         -1.80272739	          0.05448145	          1.31594719	
          1.66000000	          0.25328085	         -0.96633135	          0.04530495	         -0.24221969	         -0.01800764	          0.97005430	         -0.93657804	         -0.25666993	         -0.23862547	         -1.81199909	          0.04532046	          1.31445702	
          1.67000000	          0.25496540	         -0.96627470	          0.03613660	         -0.24850835	         -0.02936446	          0.96818455	         -0.93447110	         -0.25583380	         -0.24761425	         -1.82118041	          0.03614447	          1.31281207	
          1.68000000	          0.25678123	         -0.96609376	          0.02694892	         -0.25467507	         -0.04073993	          0.96616814	         -0.93231111	         -0.25495706	         -0.25650125	         -1.83029334	          0.02695219	          1.31100951	
          1.69000000	          0.25873242	         -0.96578609	          0.01774171	         -0.26073087	         -0.05214041	          0.96400248	         -0.93009513	         -0.25404450	         -0.26530066	         -1.83935539	          0.01774264	          1.30904446	
          1.70000000	          0.26082461	         -0.96534865	          0.00851483	         -0.26668123	         -0.06357127	          0.96168592	         -0.92782091	         -0.25310210	         -0.27402132	         -1.84837858	          0.00851493	          1.30691025	
          1.71000000	          0.26306462	         -0.96477794	         -0.00073194	         -0.27252563	         -0.07503689	          0.95921804	         -0.92548732	         -0.25213686	         -0.28266627	         -1.85736900	         -0.00073194	          1.30459891	
          1.72000000	          0.26545994	         -0.96407004	         -0.00999877	         -0.27825764	         -0.08654048	          0.95659993	         -0.92309464	         -0.25115673	         -0.29123288	         -1.86632688	         -0.00999894	          1.30210161	
          1.73000000	          0.26801841	         -0.96322075	         -0.01928542	         -0.28386550	         -0.09808372	          0.95383435	         -0.92064462	         -0.25017070	         -0.29971338	         -1.87524698	         -0.01928661	          1.29940898	
          1.74000000	          0.27074793	         -0.96222559	         -0.02859137	         -0.28933324	         -0.10966725	          0.95092553	         -0.91814042	         -0.24918868	         -0.30809603	         -1.88411984	         -0.02859527	          1.29651140	
          1.75000000	          0.27365562	         -0.96108011	         -0.03791611	         -0.29464225	         -0.12129102	          0.94787891	         -0.91558645	         -0.24822070	         -0.31636677	         -1.89293340	         -0.03792520	          1.29339990	
          1.76000000	          0.27674797	         -0.95977976	         -0.04725851	         -0.29977269	         -0.13295408	          0.94470077	         -0.91298789	         -0.24727722	         -0.32451053	         -1.90167431	         -0.04727611	          1.29006592	
          1.77000000	          0.28003088	         -0.95832004	         -0.05661629	         -0.30470510	         -0.14465449	          0.94139783	         -0.91035021	         -0.24636919	         -0.33251273	         -1.91032948	         -0.05664658	          1.28650138	
          1.78000000	          0.28350912	         -0.95669661	         -0.06598615	         -0.30942214	         -0.15638967	          0.93797666	         -0.90767864	         -0.24550736	         -0.34036101	         -1.91888787	         -0.06603413	          1.28269912	
          1.79000000	          0.28718661	         -0.95490534	         -0.07536343	         -0.31390984	         -0.16815650	          0.93444315	         -0.90497760	         -0.24470224	         -0.34804648	         -1.92734184	         -0.07543495	          1.27865272	
          1.80000000	          0.29106668	         -0.95294229	         -0.08474190	         -0.31815859	         -0.17995141	          0.93080213	         -0.90225013	         -0.24396412	         -0.35556464	         -1.93568815	         -0.08484365	          1.27435622	
          1.81000000	          0.29515186	         -0.95080383	         -0.09411408	         -0.32216374	         -0.19177072	          0.92705691	         -0.89949759	         -0.24330243	         -0.36291600	         -1.94392866	         -0.09425358	          1.26980432	
          1.82000000	          0.29944426	         -0.94848668	         -0.10347052	         -0.32592533	         -0.20361005	          0.92320942	         -0.89671948	         -0.24272610	         -0.37010569	         -1.95206996	         -0.10365604	          1.26499209	
          1.83000000	          0.30394536	         -0.94598803	         -0.11280012	         -0.32944774	         -0.21546443	          0.91926017	         -0.89391353	         -0.24224312	         -0.37714303	         -1.96012296	         -0.11304071	          1.25991515	
          1.84000000	          0.30865612	         -0.94330550	         -0.12209064	         -0.33273894	         -0.22732858	          0.91520845	         -0.89107586	         -0.24186038	         -0.38404083	         -1.96810224	         -0.12239601	          1.25456961	
          1.85000000	          0.31357677	         -0.94043730	         -0.13132894	         -0.33580966	         -0.23919688	          0.91105254	         -0.88820126	         -0.24158338	         -0.39081452	         -1.97602508	         -0.13170941	          1.24895231	
          1.86000000	          0.31870649	         -0.93738232	         -0.14050107	         -0.33867263	         -0.25106313	          0.90679003	         -0.88528358	         -0.24141600	         -0.39748118	         -1.98391053	         -0.14096749	          1.24306117	
          1.87000000	          0.32404304	         -0.93414033	         -0.14959264	         -0.34134210	         -0.26292049	          0.90241808	         -0.88231609	         -0.24136003	         -0.40405898	         -1.99177876	         -0.15015626	          1.23689565	
          1.88000000	          0.32959294	         -0.93070916	         -0.15858421	         -0.34383323	         -0.27476156	          0.89793362	         -0.87928789	         -0.24142606	         -0.41056821	         -1.99965198	         -0.15925655	          1.23044610	
          1.89000000	          0.33533612	         -0.92709440	         -0.16746839	         -0.34616133	         -0.28657874	          0.89333362	         -0.87619748	         -0.24159595	         -0.41702443	         -2.00754795	         -0.16826124	          1.22373081	
          1.90000000	          0.34127544	         -0.92329584	         -0.17622678	         -0.34834266	         -0.29836428	          0.88861474	         -0.87303406	         -0.24187508	         -0.42344772	         -2.01548873	         -0.17715191	          1.21674418	
          1.91000000	          0.34740502	         -0.91931613	         -0.18484483	         -0.35039345	         -0.31011036	          0.88377373	         -0.86978973	         -0.24225901	         -0.42985624	         -2.02349452	         -0.18591397	          1.20948994	
          1.92000000	          0.35371806	         -0.91515864	         -0.19330855	         -0.35232951	         -0.32180906	          0.87880763	         -0.86645684	         -0.24274182	         -0.43626707	         -2.03158441	         -0.19453319	          1.20197299	
          1.93000000	          0.36020685	         -0.91082740	         -0.20160475	         -0.35416593	         -0.33345268	          0.87371380	         -0.86302811	         -0.24331616	         -0.44269597	         -2.03977607	         -0.20299603	          1.19419938	
          1.94000000	          0.36686275	         -0.90632702	         -0.20972137	         -0.35591651	         -0.34503380	          0.86849014	         -0.85949704	         -0.24397338	         -0.44915680	         -2.04808517	         -0.21128999	          1.18617635	
