name C:\Users\u0101727\Documents\MyRepositories\upper-imu-dc\Results\main_tracking\Case_24\SHRUG01_orientations_groundFrame.mot
datacolumns 13
datarows 250
range 0.510000 3.000000
endheader 
time	radius_imu_[0][0]	radius_imu_[0][1]	radius_imu_[0][2]	radius_imu_[1][0]	radius_imu_[1][1]	radius_imu_[1][2]	radius_imu_[2][0]	radius_imu_[2][1]	radius_imu_[2][2]	radius_imu_x	radius_imu_y	radius_imu_z	
          0.51000000	          0.55162836	         -0.11694685	          0.82585083	         -0.19235184	          0.94559746	          0.26238561	         -0.81160762	         -0.30359327	          0.49912343	         -0.48398998	          0.97170940	          0.20890979	
          0.52000000	          0.54889869	         -0.11682683	          0.82768455	         -0.19372941	          0.94544400	          0.26192473	         -0.81312923	         -0.30411698	          0.49632018	         -0.48558737	          0.97496910	          0.20970935	
          0.53000000	          0.54623525	         -0.11671222	          0.82946085	         -0.19535641	          0.94518628	          0.26164628	         -0.81453233	         -0.30496091	          0.49349358	         -0.48750835	          0.97814175	          0.21050131	
          0.54000000	          0.54387708	         -0.11659847	          0.83102498	         -0.19694811	          0.94490408	          0.26147221	         -0.81572616	         -0.30587754	          0.49094783	         -0.48937574	          0.98094787	          0.21118718	
          0.55000000	          0.54222271	         -0.11647354	          0.83212285	         -0.19823141	          0.94465694	          0.26139544	         -0.81651628	         -0.30668743	          0.48912573	         -0.49079798	          0.98292454	          0.21159223	
          0.56000000	          0.54165867	         -0.11632802	          0.83251047	         -0.19898933	          0.94448433	          0.26144330	         -0.81670627	         -0.30727373	          0.48844009	         -0.49145750	          0.98362383	          0.21154923	
          0.57000000	          0.54241236	         -0.11616135	          0.83204289	         -0.19909871	          0.94440633	          0.26164170	         -0.81617923	         -0.30757636	          0.48913009	         -0.49118582	          0.98278038	          0.21097018	
          0.58000000	          0.54448666	         -0.11598293	          0.83071189	         -0.19854215	          0.94442606	          0.26199319	         -0.81493269	         -0.30758312	          0.49119989	         -0.48998888	          0.98038522	          0.20987651	
          0.59000000	          0.54768429	         -0.11580866	          0.82863157	         -0.19739188	          0.94453387	          0.26247326	         -0.81306726	         -0.30731762	          0.49444667	         -0.48801601	          0.97665872	          0.20838197	
          0.60000000	          0.55167710	         -0.11565611	          0.82600002	         -0.19578074	          0.94471205	          0.26303809	         -0.81075414	         -0.30682699	          0.49853277	         -0.48550218	          0.97197403	          0.20665175	
          0.61000000	          0.55608077	         -0.11554110	          0.82305798	         -0.19387330	          0.94493848	          0.26363689	         -0.80820005	         -0.30617238	          0.50306178	         -0.48271347	          0.96677437	          0.20486267	
          0.62000000	          0.56051291	         -0.11547655	          0.82005515	         -0.19184358	          0.94518882	          0.26422363	         -0.80561859	         -0.30542307	          0.50763710	         -0.47991050	          0.96150738	          0.20317672	
          0.63000000	          0.56463095	         -0.11547305	          0.81722571	         -0.18986008	          0.94543758	          0.26476582	         -0.80320921	         -0.30465352	          0.51189959	         -0.47733023	          0.95658064	          0.20172895	
          0.64000000	          0.56815038	         -0.11554010	          0.81477336	         -0.18807794	          0.94565826	          0.26524922	         -0.80114408	         -0.30394234	          0.51554556	         -0.47518179	          0.95233818	          0.20062598	
          0.65000000	          0.57084734	         -0.11568692	          0.81286521	         -0.18663697	          0.94582330	          0.26567825	         -0.79956236	         -0.30337242	          0.51832925	         -0.47365025	          0.94905459	          0.19995026	
          0.66000000	          0.57255283	         -0.11592198	          0.81163129	         -0.18566309	          0.94590406	          0.26607279	         -0.79856901	         -0.30303070	          0.52005762	         -0.47290172	          0.94693921	          0.19976474	
          0.67000000	          0.57314510	         -0.11625070	          0.81116611	         -0.18527056	          0.94587140	          0.26646223	         -0.79823525	         -0.30300672	          0.52058373	         -0.47308481	          0.94614335	          0.20011470	
          0.68000000	          0.57254382	         -0.11667200	          0.81153017	         -0.18556340	          0.94569677	          0.26687795	         -0.79859865	         -0.30338961	          0.51980279	         -0.47432710	          0.94676614	          0.20102587	
          0.69000000	          0.57071238	         -0.11717501	          0.81274682	         -0.18663319	          0.94535361	          0.26734733	         -0.79965957	         -0.30426396	          0.51765627	         -0.47672656	          0.94885135	          0.20249953	
          0.70000000	          0.56768740	         -0.11773821	          0.81478140	         -0.18854602	          0.94481865	          0.26789573	         -0.80136222	         -0.30570482	          0.51416257	         -0.48033217	          0.95235205	          0.20450045	
          0.71000000	          0.56366496	         -0.11833275	          0.81748344	         -0.19130713	          0.94407316	          0.26856556	         -0.80354427	         -0.30777140	          0.50950306	         -0.48510181	          0.95702798	          0.20692951	
          0.72000000	          0.55915562	         -0.11893106	          0.82048790	         -0.19479921	          0.94310412	          0.26945851	         -0.80585250	         -0.31049964	          0.50417430	         -0.49083025	          0.96226397	          0.20957445	
          0.73000000	          0.55517711	         -0.11951724	          0.82310024	         -0.19870668	          0.94190540	          0.27079488	         -0.80764722	         -0.31389463	          0.49917545	         -0.49705475	          0.96684878	          0.21204155	
          0.74000000	          0.55340421	         -0.12008488	          0.82421078	         -0.20245920	          0.94047936	          0.27296310	         -0.80793196	         -0.31792798	          0.49615295	         -0.50296541	          0.96880709	          0.21368039	
          0.75000000	          0.55615569	         -0.12058589	          0.82228334	         -0.20524940	          0.93883990	          0.27650015	         -0.80533442	         -0.32255029	          0.49739097	         -0.50736245	          0.96541182	          0.21351546	
          0.76000000	          0.56605900	         -0.12076071	          0.81547168	         -0.20620978	          0.93702153	          0.28190101	         -0.79815709	         -0.32773084	          0.50550743	         -0.50870478	          0.95354366	          0.21018505	
          0.77000000	          0.58528692	         -0.11976378	          0.80193258	         -0.20484689	          0.93510681	          0.28915913	         -0.78452341	         -0.33351445	          0.52277255	         -0.50524011	          0.93052314	          0.20183778	
          0.78000000	          0.61254513	         -0.11579490	          0.78190793	         -0.20228765	          0.93330400	          0.29668730	         -0.76411267	         -0.33990467	          0.54826694	         -0.49601283	          0.89772052	          0.18683424	
          0.79000000	          0.62134949	         -0.11528549	          0.77500585	         -0.20218302	          0.93202852	          0.30074053	         -0.75699857	         -0.34355800	          0.55580668	         -0.49597554	          0.88672436	          0.18345431	
          0.80000000	          0.60734463	         -0.11988428	          0.78534085	         -0.20490504	          0.93146191	          0.30065368	         -0.76755874	         -0.34352070	          0.54115350	         -0.50711664	          0.90324653	          0.19488551	
          0.81000000	          0.60309626	         -0.11939427	          0.78868239	         -0.20727158	          0.93131485	          0.29948479	         -0.77026839	         -0.34408960	          0.53692546	         -0.50879458	          0.90866289	          0.19544177	
          0.82000000	          0.60271212	         -0.11898004	          0.78903856	         -0.20784585	          0.93128057	          0.29919325	         -0.77041431	         -0.34432579	          0.53656458	         -0.50866630	          0.90924243	          0.19490177	
          0.83000000	          0.60680618	         -0.11952585	          0.78581157	         -0.20611894	          0.93114748	          0.30079786	         -0.76765959	         -0.34449665	          0.54038950	         -0.50792037	          0.90400727	          0.19448554	
          0.84000000	          0.61695849	         -0.11835245	          0.77804558	         -0.20358840	          0.93097316	          0.30305237	         -0.76020654	         -0.34537179	          0.55027661	         -0.50340145	          0.89154868	          0.18952963	
          0.85000000	          0.62412069	         -0.11775120	          0.77240405	         -0.20122629	          0.93100608	          0.30452529	         -0.75497109	         -0.34548854	          0.55736553	         -0.50004852	          0.88261761	          0.18647541	
          0.86000000	          0.65628921	         -0.10568770	          0.74707067	         -0.19788492	          0.93137036	          0.30559910	         -0.72809754	         -0.34839541	          0.59033431	         -0.47768446	          0.84364440	          0.15966748	
          0.87000000	          0.66762573	         -0.10023709	          0.73771838	         -0.19591240	          0.93231790	          0.30397642	         -0.71825777	         -0.34747065	          0.60280173	         -0.46705988	          0.82968446	          0.14902652	
          0.88000000	          0.60779878	         -0.12056593	          0.78488502	         -0.19839162	          0.93400780	          0.29710301	         -0.76890923	         -0.33629346	          0.54376953	         -0.50005716	          0.90251055	          0.19582283	
          0.89000000	          0.58034138	         -0.12150538	          0.80525793	         -0.20301084	          0.93600552	          0.28754177	         -0.78866373	         -0.33034847	          0.51853582	         -0.50631168	          0.93611035	          0.20638757	
          0.90000000	          0.56159808	         -0.11945414	          0.81874191	         -0.20682183	          0.93784497	          0.27869614	         -0.80114439	         -0.32584892	          0.50198621	         -0.50681671	          0.95921640	          0.20958055	
          0.91000000	          0.55099570	         -0.11661524	          0.82631993	         -0.20925360	          0.93924616	          0.27208378	         -0.80784693	         -0.32282741	          0.49311843	         -0.50419462	          0.97254181	          0.20856676	
          0.92000000	          0.54716924	         -0.11416944	          0.82919911	         -0.21053272	          0.94003264	          0.26835537	         -0.81011221	         -0.32140935	          0.49032055	         -0.50077252	          0.97767331	          0.20570338	
          0.93000000	          0.54917834	         -0.11279946	          0.82805763	         -0.21088054	          0.94007946	          0.26791793	         -0.80866096	         -0.32175596	          0.49248406	         -0.49823535	          0.97563423	          0.20257934	
          0.94000000	          0.55700810	         -0.11284053	          0.82280556	         -0.21023447	          0.93930074	          0.27113756	         -0.80345718	         -0.32400791	          0.49947515	         -0.49733330	          0.96633009	          0.19987824	
          0.95000000	          0.57162469	         -0.11407061	          0.81254730	         -0.20830154	          0.93767191	          0.27817594	         -0.79363448	         -0.32826709	          0.51223533	         -0.49750152	          0.94850898	          0.19696771	
          0.96000000	          0.59453335	         -0.11515714	          0.79578196	         -0.20495487	          0.93529624	          0.28846915	         -0.77751116	         -0.33460392	          0.53246279	         -0.49649797	          0.92029774	          0.19132415	
          0.97000000	          0.62668391	         -0.11267706	          0.77108440	         -0.20116796	          0.93256109	          0.29976869	         -0.75286036	         -0.34297769	          0.56175402	         -0.49018812	          0.88054247	          0.17789811	
          0.98000000	          0.67317149	         -0.09802126	          0.73296111	         -0.19992403	          0.93014106	          0.30800646	         -0.71194840	         -0.35387771	          0.60654764	         -0.46987018	          0.82266464	          0.14459491	
          0.99000000	          0.67919127	         -0.09434671	          0.72787218	         -0.20402942	          0.92834672	          0.31071589	         -0.70503277	         -0.35954286	          0.61127548	         -0.47027148	          0.81521375	          0.13802709	
          1.00000000	          0.61425443	         -0.11689039	          0.78040254	         -0.21397835	          0.92724108	          0.30730643	         -0.75954246	         -0.35575359	          0.54454993	         -0.51377931	          0.89530934	          0.18804797	
          1.01000000	          0.58315620	         -0.11883401	          0.80362138	         -0.22624450	          0.92634608	          0.30115837	         -0.78021938	         -0.35743729	          0.51331892	         -0.53057422	          0.93335538	          0.20102495	
          1.02000000	          0.56167214	         -0.11827829	          0.81886180	         -0.23710401	          0.92520495	          0.29627267	         -0.79265762	         -0.36056352	          0.49161759	         -0.54236476	          0.95942525	          0.20754997	
          1.03000000	          0.55116661	         -0.11760716	          0.82606533	         -0.24493123	          0.92359808	          0.29491573	         -0.79763655	         -0.36487689	          0.48025075	         -0.55071322	          0.97208990	          0.21022588	
          1.04000000	          0.55229039	         -0.11786868	          0.82527711	         -0.24902259	          0.92143014	          0.29825199	         -0.79558977	         -0.37023435	          0.47954504	         -0.55640147	          0.97069272	          0.21026352	
          1.05000000	          0.56535888	         -0.11888383	          0.81623279	         -0.24923925	          0.91868093	          0.30643945	         -0.78628820	         -0.37668552	          0.48975391	         -0.55910316	          0.95485987	          0.20726063	
          1.06000000	          0.58962977	         -0.11867881	          0.79890680	         -0.24651324	          0.91550367	          0.31793750	         -0.76913455	         -0.38440652	          0.51055231	         -0.55696707	          0.92547543	          0.19862298	
          1.07000000	          0.60482434	         -0.12205741	          0.78694949	         -0.24361067	          0.91245494	          0.32875496	         -0.75818293	         -0.39054829	          0.52214047	         -0.56192135	          0.90584933	          0.19913185	
          1.08000000	          0.61093003	         -0.12616405	          0.78156710	         -0.24241568	          0.90998913	          0.33638434	         -0.75365717	         -0.39497141	          0.52535554	         -0.56952489	          0.89717397	          0.20364867	
          1.09000000	          0.62908775	         -0.12006727	          0.76800550	         -0.24280291	          0.90821440	          0.34087146	         -0.73844116	         -0.40091204	          0.54219387	         -0.56124787	          0.87572106	          0.18859120	
          1.10000000	          0.62699741	         -0.12057929	          0.76963295	         -0.24516193	          0.90720868	          0.34185968	         -0.73943889	         -0.40302983	          0.53925605	         -0.56500716	          0.87826608	          0.18999269	
          1.11000000	          0.58952640	         -0.13601459	          0.79621521	         -0.24920993	          0.90700733	          0.33945855	         -0.76834435	         -0.39854451	          0.50080858	         -0.59568510	          0.92101350	          0.22675058	
          1.12000000	          0.56690718	         -0.13824612	          0.81209868	         -0.25558583	          0.90765236	          0.33293104	         -0.78312970	         -0.39630191	          0.47922089	         -0.60718298	          0.94773975	          0.23919176	
          1.13000000	          0.54073059	         -0.13837192	          0.82973709	         -0.26343880	          0.90890404	          0.32325446	         -0.79888073	         -0.39337852	          0.45501969	         -0.61768416	          0.97863648	          0.25052204	
          1.14000000	          0.51259918	         -0.13992074	          0.84715067	         -0.27033299	          0.91015691	          0.31390201	         -0.81496144	         -0.38991869	          0.42872050	         -0.63200061	          1.01059974	          0.26647168	
          1.15000000	          0.49227263	         -0.14138829	          0.85888126	         -0.27482395	          0.91100199	          0.30748525	         -0.82591734	         -0.38740771	          0.40960445	         -0.64394144	          1.03308136	          0.27968695	
          1.16000000	          0.47928516	         -0.14371504	          0.86581275	         -0.27691009	          0.91135208	          0.30456227	         -0.83283043	         -0.38572447	          0.39700139	         -0.65439128	          1.04677240	          0.29132182	
          1.17000000	          0.47223979	         -0.14691486	          0.86914073	         -0.27722064	          0.91122693	          0.30465422	         -0.83674267	         -0.38481359	          0.38958979	         -0.66366061	          1.05346223	          0.30161096	
          1.18000000	          0.46947927	         -0.15068281	          0.86999075	         -0.27651528	          0.91067175	          0.30694668	         -0.83852759	         -0.38467084	          0.38587541	         -0.67196370	          1.05518356	          0.31057111	
          1.19000000	          0.46944605	         -0.15470112	          0.86930315	         -0.27546239	          0.90973362	          0.31065290	         -0.83889265	         -0.38529510	          0.38445651	         -0.67961893	          1.05379074	          0.31833243	
          1.20000000	          0.47083202	         -0.15875775	          0.86782094	         -0.27456841	          0.90845383	          0.31515682	         -0.83840885	         -0.38666214	          0.38413929	         -0.68707069	          1.05079987	          0.32521352	
          1.21000000	          0.47260956	         -0.16276326	          0.86611104	         -0.27417890	          0.90686544	          0.32003281	         -0.83753575	         -0.38871993	          0.38396702	         -0.69483093	          1.04736884	          0.33167071	
          1.22000000	          0.47401341	         -0.16672096	          0.86458973	         -0.27450554	          0.90499437	          0.32501061	         -0.83663492	         -0.39139405	          0.38321365	         -0.70340078	          1.04433331	          0.33820809	
          1.23000000	          0.47451021	         -0.17068226	          0.86354364	         -0.27565730	          0.90286339	          0.32992539	         -0.83597435	         -0.39459507	          0.38136808	         -0.71320112	          1.04225517	          0.34529173	
          1.24000000	          0.47376777	         -0.17470489	          0.86314675	         -0.27766746	          0.90049727	          0.33467214	         -0.83573015	         -0.39822464	          0.37811672	         -0.72452333	          1.04146863	          0.35328561	
          1.25000000	          0.47162746	         -0.17882185	          0.86347570	         -0.28051359	          0.89792778	          0.33917228	         -0.83599023	         -0.40217963	          0.37332544	         -0.73750041	          1.04212044	          0.36241202	
          1.26000000	          0.46808209	         -0.18302402	          0.86452378	         -0.28412898	          0.89519734	          0.34335470	         -0.83676154	         -0.40635445	          0.36702341	         -0.75209202	          1.04420207	          0.37273103	
          1.27000000	          0.46326187	         -0.18725549	          0.86621234	         -0.28840446	          0.89236154	          0.34715089	         -0.83798050	         -0.41064127	          0.35939175	         -0.76807488	          1.04757155	          0.38413117	
          1.28000000	          0.45742894	         -0.19142012	          0.86839916	         -0.29318145	          0.88949014	          0.35050239	         -0.83952570	         -0.41492846	          0.35075770	         -0.78503409	          1.05196477	          0.39632639	
          1.29000000	          0.45097457	         -0.19539837	          0.87088542	         -0.29824038	          0.88666596	          0.35337819	         -0.84123398	         -0.41909778	          0.34158812	         -0.80236150	          1.05700097	          0.40886313	
          1.30000000	          0.44440680	         -0.19907541	          0.87342520	         -0.30329231	          0.88398009	          0.35579906	         -0.84292133	         -0.42302267	          0.33246872	         -0.81928237	          1.06219242	          0.42115418	
          1.31000000	          0.43831582	         -0.20238077	          0.87574041	         -0.30798275	          0.88152110	          0.35786476	         -0.84440859	         -0.42657072	          0.32405486	         -0.83493807	          1.06696732	          0.43256040	
          1.32000000	          0.43332017	         -0.20533351	          0.87753734	         -0.31191329	          0.87935711	          0.35977934	         -0.84554345	         -0.42961520	          0.31699693	         -0.84852916	          1.07070200	          0.44251856	
          1.33000000	          0.43002887	         -0.20806322	          0.87851287	         -0.31468364	          0.87751319	          0.36186296	         -0.84619701	         -0.43206515	          0.31188191	         -0.85944647	          1.07274026	          0.45063257	
          1.34000000	          0.42911775	         -0.21072199	          0.87832466	         -0.31596127	          0.87595289	          0.36452025	         -0.84618345	         -0.43393868	          0.30930694	         -0.86715538	          1.07234641	          0.45646900	
          1.35000000	          0.43154246	         -0.21309251	          0.87656300	         -0.31566000	          0.87459792	          0.36801800	         -0.84506205	         -0.43551127	          0.31016136	         -0.87050381	          1.06867381	          0.45866944	
          1.36000000	          0.45273662	         -0.20623308	          0.86746612	         -0.31437650	          0.87348565	          0.37173947	         -0.83438418	         -0.44101103	          0.33062411	         -0.84387000	          1.05008621	          0.42743943	
          1.37000000	          0.43259060	         -0.21988880	          0.87436508	         -0.31305447	          0.87282994	          0.37438589	         -0.84549528	         -0.43567971	          0.30874086	         -0.88119896	          1.06412588	          0.47027105	
          1.38000000	          0.44087456	         -0.21706571	          0.87092600	         -0.31213847	          0.87267494	          0.37551034	         -0.84154572	         -0.43740247	          0.31698562	         -0.86971054	          1.05708354	          0.45751095	
          1.39000000	          0.41155611	         -0.23141214	          0.88151573	         -0.31197962	          0.87302111	          0.37483711	         -0.85632370	         -0.42928145	          0.28710130	         -0.91717383	          1.07906289	          0.51222670	
          1.40000000	          0.41133710	         -0.22926176	          0.88217959	         -0.31260730	          0.87366459	          0.37280942	         -0.85620001	         -0.42912613	          0.28770176	         -0.91354330	          1.08047077	          0.50847430	
          1.41000000	          0.39719792	         -0.23302114	          0.88765701	         -0.31387385	          0.87440806	          0.36999156	         -0.86239029	         -0.42557220	          0.27417382	         -0.93306257	          1.09223207	          0.53055482	
          1.42000000	          0.39228776	         -0.23150751	          0.89023288	         -0.31583394	          0.87507204	          0.36673947	         -0.86392085	         -0.42503317	          0.27016212	         -0.93588795	          1.09785618	          0.53314327	
          1.43000000	          0.38417985	         -0.23125953	          0.89382598	         -0.31835703	          0.87556363	          0.36336915	         -0.86663409	         -0.42415488	          0.26275081	         -0.94473723	          1.10580616	          0.54185680	
          1.44000000	          0.37531782	         -0.23139552	          0.89754813	         -0.32126664	          0.87583565	          0.36013839	         -0.86943906	         -0.42351863	          0.25437707	         -0.95583371	          1.11417680	          0.55248692	
          1.45000000	          0.36658822	         -0.23170841	          0.90106842	         -0.32436821	          0.87589564	          0.35720035	         -0.87200823	         -0.42322339	          0.24593418	         -0.96782695	          1.12222687	          0.56366526	
          1.46000000	          0.35829584	         -0.23220362	          0.90427074	         -0.32746999	          0.87578175	          0.35464027	         -0.87429257	         -0.42318766	          0.23774924	         -0.98021667	          1.12966859	          0.57502282	
          1.47000000	          0.35071018	         -0.23285068	          0.90707383	         -0.33040194	          0.87554339	          0.35250295	         -0.87626305	         -0.42332533	          0.23012767	         -0.99242792	          1.13628016	          0.58611285	
          1.48000000	          0.34411955	         -0.23356454	          0.90941154	         -0.33303126	          0.87522955	          0.35080394	         -0.87787922	         -0.42358096	          0.22339931	         -1.00374167	          1.14186694	          0.59630826	
          1.49000000	          0.33887449	         -0.23418377	          0.91122009	         -0.33527455	          0.87488249	          0.34953056	         -0.87906488	         -0.42395589	          0.21795949	         -1.01322038	          1.14623638	          0.60470306	
          1.50000000	          0.33499590	         -0.23466069	          0.91253061	         -0.33710289	          0.87453422	          0.34864243	         -0.87985191	         -0.42441049	          0.21386058	         -1.02057520	          1.14942915	          0.61105357	
          1.51000000	          0.33029164	         -0.23594014	          0.91391448	         -0.33854174	          0.87421756	          0.34804189	         -0.88107714	         -0.42435352	          0.20887116	         -1.03027959	          1.15282552	          0.62028466	
          1.52000000	          0.32997289	         -0.23535362	          0.91418082	         -0.33965208	          0.87396383	          0.34759703	         -0.88076918	         -0.42520101	          0.20844602	         -1.03061419	          1.15348214	          0.61956426	
          1.53000000	          0.33084984	         -0.23432950	          0.91412695	         -0.34047368	          0.87379470	          0.34721822	         -0.88012275	         -0.42611326	          0.20931181	         -1.02830225	          1.15334925	          0.61625171	
          1.54000000	          0.33379582	         -0.23243451	          0.91353957	         -0.34104125	          0.87369610	          0.34690919	         -0.87878963	         -0.42735152	          0.21236635	         -1.02147852	          1.15190284	          0.60826361	
          1.55000000	          0.33538193	         -0.23136929	          0.91322900	         -0.34136765	          0.87364843	          0.34670817	         -0.87805871	         -0.42802649	          0.21402390	         -1.01775128	          1.15113995	          0.60389361	
          1.56000000	          0.33662721	         -0.23069225	          0.91294206	         -0.34144683	          0.87363621	          0.34666098	         -0.87755124	         -0.42841670	          0.21532059	         -1.01498676	          1.15043626	          0.60079518	
          1.57000000	          0.33810347	         -0.23017589	          0.91252677	         -0.34126995	          0.87364482	          0.34681342	         -0.87705237	         -0.42867679	          0.21683023	         -1.01204805	          1.14941977	          0.59771348	
          1.58000000	          0.34008572	         -0.22972359	          0.91190393	         -0.34083433	          0.87366115	          0.34720046	         -0.87645517	         -0.42888609	          0.21882199	         -1.00843289	          1.14789957	          0.59408437	
          1.59000000	          0.34261118	         -0.22932024	          0.91105972	         -0.34015849	          0.87367439	          0.34782937	         -0.87573385	         -0.42907493	          0.22132539	         -1.00410921	          1.14584722	          0.58984479	
          1.60000000	          0.34555203	         -0.22898561	          0.91003263	         -0.33929184	          0.87367582	          0.34867121	         -0.87491419	         -0.42925069	          0.22420750	         -0.99933359	          1.14336277	          0.58522785	
          1.61000000	          0.34870120	         -0.22873569	          0.90889354	         -0.33831362	          0.87365844	          0.34966387	         -0.87404312	         -0.42941927	          0.22726134	         -0.99446167	          1.14062313	          0.58055694	
          1.62000000	          0.35183105	         -0.22856908	          0.90772853	         -0.33732039	          0.87361773	          0.35072357	         -0.87317230	         -0.42959078	          0.23026483	         -0.98983575	          1.13783800	          0.57613322	
          1.63000000	          0.35472035	         -0.22848359	          0.90662491	         -0.33640123	          0.87355259	          0.35176708	         -0.87235755	         -0.42976868	          0.23300472	         -0.98576484	          1.13521499	          0.57223278	
          1.64000000	          0.35710033	         -0.22853345	          0.90567755	         -0.33561270	          0.87346586	          0.35273434	         -0.87169001	         -0.42991843	          0.23521622	         -0.98267599	          1.13297512	          0.56929181	
          1.65000000	          0.35860120	         -0.22886343	          0.90500094	         -0.33496887	          0.87336592	          0.35359274	         -0.87132143	         -0.42994593	          0.23652795	         -0.98123009	          1.13138194	          0.56804340	
          1.66000000	          0.35905503	         -0.22954805	          0.90464754	         -0.33444370	          0.87326961	          0.35432698	         -0.87133627	         -0.42977655	          0.23678095	         -0.98169458	          1.13055194	          0.56882469	
          1.67000000	          0.35926607	         -0.23022354	          0.90439207	         -0.33395588	          0.87320450	          0.35494699	         -0.87143638	         -0.42954746	          0.23682825	         -0.98240974	          1.12995284	          0.56989204	
          1.68000000	          0.35946355	         -0.23093062	          0.90413329	         -0.33331186	          0.87320577	          0.35554870	         -0.87160149	         -0.42916515	          0.23691373	         -0.98302497	          1.12934677	          0.57103609	
          1.69000000	          0.36172247	         -0.23057812	          0.90332197	         -0.33255766	          0.87327797	          0.35607722	         -0.87095480	         -0.42920777	          0.23920374	         -0.97926557	          1.12745164	          0.56749840	
          1.70000000	          0.36271571	         -0.23078378	          0.90287107	         -0.33172041	          0.87341624	          0.35651880	         -0.87086100	         -0.42881572	          0.24024610	         -0.97782573	          1.12640165	          0.56665994	
          1.71000000	          0.36277289	         -0.23137364	          0.90269711	         -0.33080469	          0.87362250	          0.35686410	         -0.87118545	         -0.42807706	          0.24038707	         -0.97800250	          1.12599719	          0.56774522	
          1.72000000	          0.36223857	         -0.23214706	          0.90271311	         -0.32983351	          0.87389682	          0.35709130	         -0.87177581	         -0.42709728	          0.23998926	         -0.97906438	          1.12603438	          0.56992862	
          1.73000000	          0.36131464	         -0.23297684	          0.90286961	         -0.32884154	          0.87423244	          0.35718466	         -0.87253365	         -0.42595707	          0.23926052	         -0.98059239	          1.12639825	          0.57271326	
          1.74000000	          0.36006102	         -0.23380398	          0.90315655	         -0.32787382	          0.87461837	          0.35712949	         -0.87341561	         -0.42470980	          0.23825778	         -0.98246144	          1.12706617	          0.57591494	
          1.75000000	          0.35848956	         -0.23459551	          0.90357633	         -0.32697480	          0.87504315	          0.35691312	         -0.87439849	         -0.42339631	          0.23698701	         -0.98464856	          1.12804497	          0.57946204	
          1.76000000	          0.35663824	         -0.23531422	          0.90412189	         -0.32617380	          0.87549952	          0.35652664	         -0.87545406	         -0.42205190	          0.23548327	         -0.98708014	          1.12932008	          0.58324210	
          1.77000000	          0.35462234	         -0.23590484	          0.90476069	         -0.32546794	          0.87598837	          0.35597049	         -0.87653501	         -0.42070569	          0.23386558	         -0.98952971	          1.13081752	          0.58700620	
          1.78000000	          0.35265622	         -0.23629837	          0.90542624	         -0.32480532	          0.87652107	          0.35526374	         -0.87757341	         -0.41937322	          0.23235964	         -0.99158049	          1.13238273	          0.59034335	
          1.79000000	          0.35091914	         -0.23648959	          0.90605101	         -0.32407495	          0.87711894	          0.35445422	         -0.87853924	         -0.41801320	          0.23115747	         -0.99291087	          1.13385682	          0.59300376	
          1.80000000	          0.34910572	         -0.23676177	          0.90668024	         -0.32310607	          0.87780864	          0.35363041	         -0.87961791	         -0.41640829	          0.22994885	         -0.99424403	          1.13534615	          0.59594138	
          1.81000000	          0.34558401	         -0.23807846	          0.90768405	         -0.32167842	          0.87861562	          0.35292718	         -0.88152974	         -0.41394836	          0.22705080	         -0.99912000	          1.13773199	          0.60324845	
          1.82000000	          0.35694419	         -0.23289508	          0.90462740	         -0.31955469	          0.87955049	          0.35252765	         -0.87776742	         -0.41491062	          0.23952772	         -0.97399041	          1.13050468	          0.57810906	
          1.83000000	          0.35697392	         -0.23371050	          0.90440534	         -0.31659224	          0.88062207	          0.35252534	         -0.87882818	         -0.41217007	          0.24036819	         -0.97235806	          1.12998395	          0.57967152	
          1.84000000	          0.36622746	         -0.23076415	          0.90145735	         -0.31280426	          0.88185434	          0.35282632	         -0.87637374	         -0.41119439	          0.25077527	         -0.95288452	          1.12312453	          0.56226659	
          1.85000000	          0.37643619	         -0.22784735	          0.89798741	         -0.30828566	          0.88323936	          0.35333862	         -0.87364509	         -0.40984608	          0.26224119	         -0.93231823	          1.11517409	          0.54428904	
          1.86000000	          0.40265513	         -0.21758922	          0.88911404	         -0.30326463	          0.88476551	          0.35386517	         -0.86365468	         -0.41212247	          0.29026825	         -0.88381173	          1.09540578	          0.49543212	
          1.87000000	          0.40204574	         -0.21995126	          0.88880856	         -0.29804106	          0.88641483	          0.35417548	         -0.86575444	         -0.40729619	          0.29082481	         -0.88330220	          1.09473877	          0.50059874	
          1.88000000	          0.41391478	         -0.21613248	          0.88428576	         -0.29290835	          0.88812442	          0.35417469	         -0.86190443	         -0.40561282	          0.30430082	         -0.86099524	          1.08496219	          0.48122324	
          1.89000000	          0.42447446	         -0.21249216	          0.88015255	         -0.28813133	          0.88983915	          0.35378894	         -0.85837158	         -0.40377390	          0.31648835	         -0.84099033	          1.07618347	          0.46412796	
          1.90000000	          0.43278783	         -0.20933171	          0.87685514	         -0.28389815	          0.89152828	          0.35295774	         -0.85562640	         -0.40169336	          0.32641371	         -0.82444975	          1.06928114	          0.45050825	
          1.91000000	          0.43842341	         -0.20685356	          0.87464079	         -0.28024574	          0.89317427	          0.35171304	         -0.85395974	         -0.39931358	          0.33361868	         -0.81179437	          1.06469434	          0.44084426	
          1.92000000	          0.44144432	         -0.20517488	          0.87351599	         -0.27706045	          0.89476770	          0.35018319	         -0.85344269	         -0.39660311	          0.33814427	         -0.80288648	          1.06237890	          0.43507749	
          1.93000000	          0.44226053	         -0.20435326	          0.87329569	         -0.27413049	          0.89630119	          0.34856369	         -0.85396610	         -0.39355294	          0.34037918	         -0.79727742	          1.06192654	          0.43284205	
          1.94000000	          0.44150644	         -0.20439334	          0.87366780	         -0.27120875	          0.89776262	          0.34708513	         -0.85528819	         -0.39018667	          0.34093472	         -0.79433723	          1.06269085	          0.43356695	
