name C:\Users\u0101727\Documents\MyRepositories\upper-imu-dc\Results\main_tracking\Case_44\FLX01_orientations_groundFrame.mot
datacolumns 13
datarows 600
range 0.510000 6.500000
endheader 
time	radius_imu_[0][0]	radius_imu_[0][1]	radius_imu_[0][2]	radius_imu_[1][0]	radius_imu_[1][1]	radius_imu_[1][2]	radius_imu_[2][0]	radius_imu_[2][1]	radius_imu_[2][2]	radius_imu_x	radius_imu_y	radius_imu_z	
          0.51000000	          0.69014851	         -0.01428115	          0.72352684	         -0.12285583	          0.98297991	          0.13659044	         -0.71316301	         -0.18315718	          0.67664759	         -0.19918673	          0.80889790	          0.02068992	
          0.52000000	          0.68831925	         -0.01925177	          0.72515239	         -0.12316157	          0.98203295	          0.14297733	         -0.71487610	         -0.18772496	          0.67358110	         -0.20916002	          0.81125567	          0.02796195	
          0.53000000	          0.68650310	         -0.02432206	          0.72671998	         -0.12339874	          0.98104601	          0.14940374	         -0.71657954	         -0.19224246	          0.67048982	         -0.21924591	          0.81353494	          0.03541411	
          0.54000000	          0.68470715	         -0.02949082	          0.72822141	         -0.12357041	          0.98001711	          0.15587437	         -0.71826630	         -0.19671492	          0.66738052	         -0.22944827	          0.81572317	          0.04304411	
          0.55000000	          0.68293505	         -0.03475915	          0.72965164	         -0.12367976	          0.97894375	          0.16239598	         -0.71993266	         -0.20114905	          0.66425599	         -0.23977478	          0.81781238	          0.05085283	
          0.56000000	          0.68118695	         -0.04013005	          0.73100884	         -0.12373039	          0.97782289	          0.16897691	         -0.72157823	         -0.20555287	          0.66111488	         -0.25023651	          0.81979922	          0.05884394	
          0.57000000	          0.67946618	         -0.04560660	          0.73228802	         -0.12372621	          0.97665091	          0.17562694	         -0.72319951	         -0.20993579	          0.65795854	         -0.26084549	          0.82167573	          0.06702070	
          0.58000000	          0.67777349	         -0.05119339	          0.73348642	         -0.12367142	          0.97542363	          0.18235710	         -0.72479547	         -0.21430812	          0.65478513	         -0.27161642	          0.82343717	          0.07538856	
          0.59000000	          0.67610684	         -0.05689674	          0.73460350	         -0.12357027	          0.97413630	          0.18917945	         -0.72636762	         -0.21868068	          0.65158947	         -0.28256672	          0.82508211	          0.08395566	
          0.60000000	          0.67446686	         -0.06272338	          0.73563593	         -0.12342659	          0.97278358	          0.19610708	         -0.72791505	         -0.22306476	          0.64836856	         -0.29371430	          0.82660502	          0.09273027	
          0.61000000	          0.67286084	         -0.06867913	          0.73657415	         -0.12324352	          0.97135964	          0.20315384	         -0.72943082	         -0.22747226	          0.64512560	         -0.30507520	          0.82799113	          0.10171806	
          0.62000000	          0.67129139	         -0.07477193	          0.73741239	         -0.12302372	          0.96985811	          0.21033403	         -0.73091247	         -0.23191464	          0.64185868	         -0.31666772	          0.82923132	          0.11092796	
          0.63000000	          0.66976292	         -0.08101000	          0.73814295	         -0.12276900	          0.96827213	          0.21766224	         -0.73235606	         -0.23640317	          0.63856726	         -0.32850948	          0.83031356	          0.12036853	
          0.64000000	          0.66828081	         -0.08740182	          0.73875685	         -0.12248027	          0.96659439	          0.22515299	         -0.73375701	         -0.24094856	          0.63525148	         -0.34061704	          0.83122398	          0.13004793	
          0.65000000	          0.66684702	         -0.09395730	          0.73924765	         -0.12215760	          0.96481714	          0.23282054	         -0.73511399	         -0.24556040	          0.63190784	         -0.35300765	          0.83195248	          0.13997640	
          0.66000000	          0.66546432	         -0.10068647	          0.73960765	         -0.12180005	          0.96293224	          0.24067873	         -0.73642514	         -0.25024735	          0.62853343	         -0.36569707	          0.83248722	          0.15016362	
          0.67000000	          0.66413754	         -0.10759883	          0.73982689	         -0.12140559	          0.96093118	          0.24874073	         -0.73768694	         -0.25501717	          0.62512737	         -0.37869825	          0.83281302	          0.16061728	
          0.68000000	          0.66287125	         -0.11470383	          0.73989508	         -0.12097112	          0.95880517	          0.25701874	         -0.73889627	         -0.25987627	          0.62168853	         -0.39202192	          0.83291439	          0.17134414	
          0.69000000	          0.66166509	         -0.12201208	          0.73980562	         -0.12049269	          0.95654520	          0.26552363	         -0.74005461	         -0.26482888	          0.61821100	         -0.40567874	          0.83278141	          0.18235307	
          0.70000000	          0.66051516	         -0.12953480	          0.73955423	         -0.11996555	          0.95414208	          0.27426476	         -0.74116664	         -0.26987706	          0.61468560	         -0.41967857	          0.83240785	          0.19365410	
          0.71000000	          0.65941640	         -0.13728293	          0.73913694	         -0.11938419	          0.95158651	          0.28324993	         -0.74223812	         -0.27502092	          0.61110234	         -0.43402902	          0.83178810	          0.20525661	
          0.72000000	          0.65836268	         -0.14526697	          0.73854999	         -0.11874243	          0.94886914	          0.29248518	         -0.74327573	         -0.28025855	          0.60745068	         -0.44873528	          0.83091710	          0.21716912	
          0.73000000	          0.65734964	         -0.15349578	          0.73778757	         -0.11803336	          0.94598064	          0.30197476	         -0.74428460	         -0.28558654	          0.60372241	         -0.46379807	          0.82978694	          0.22939668	
          0.74000000	          0.65637175	         -0.16197746	          0.73684424	         -0.11724959	          0.94291176	          0.31172094	         -0.74527086	         -0.29099951	          0.59990885	         -0.47921528	          0.82839055	          0.24194298	
          0.75000000	          0.65541917	         -0.17072034	          0.73571752	         -0.11638360	          0.93965340	          0.32172401	         -0.74624431	         -0.29648954	          0.59599781	         -0.49498411	          0.82672548	          0.25481297	
          0.76000000	          0.65448068	         -0.17973195	          0.73440552	         -0.11542773	          0.93619665	          0.33198234	         -0.74721582	         -0.30204679	          0.59197657	         -0.51109954	          0.82479037	          0.26801071	
          0.77000000	          0.65354677	         -0.18901792	          0.73290439	         -0.11437411	          0.93253282	          0.34249249	         -0.74819461	         -0.30766015	          0.58783506	         -0.52755225	          0.82258127	          0.28153654	
          0.78000000	          0.65261078	         -0.19858157	          0.73120759	         -0.11321463	          0.92865353	          0.35324929	         -0.74918731	         -0.31331769	          0.58356697	         -0.54432777	          0.82009053	          0.29538600	
          0.79000000	          0.65166819	         -0.20842406	          0.72930651	         -0.11194092	          0.92455076	          0.36424597	         -0.75019850	         -0.31900675	          0.57916914	         -0.56140693	          0.81730780	          0.30955015	
          0.80000000	          0.65071432	         -0.21854537	          0.72719241	         -0.11054453	          0.92021681	          0.37547426	         -0.75123284	         -0.32471362	          0.57463926	         -0.57876773	          0.81422292	          0.32401794	
          0.81000000	          0.64974507	         -0.22894408	          0.72485581	         -0.10901694	          0.91564437	          0.38692465	         -0.75229426	         -0.33042395	          0.56997664	         -0.59638507	          0.81082507	          0.33877560	
          0.82000000	          0.64875802	         -0.23961706	          0.72228575	         -0.10734951	          0.91082645	          0.39858659	         -0.75338511	         -0.33612326	          0.56518319	         -0.61423031	          0.80710168	          0.35380574	
          0.83000000	          0.64775310	         -0.25055922	          0.71946925	         -0.10553339	          0.90575637	          0.41044866	         -0.75450555	         -0.34179742	          0.56026414	         -0.63227081	          0.80303782	          0.36908670	
          0.84000000	          0.64673226	         -0.26176369	          0.71639176	         -0.10355950	          0.90042784	          0.42249869	         -0.75565390	         -0.34743270	          0.55522762	         -0.65047034	          0.79861686	          0.38459289	
          0.85000000	          0.64569642	         -0.27322303	          0.71303948	         -0.10141859	          0.89483496	          0.43472366	         -0.75682917	         -0.35301497	          0.55008184	         -0.66879153	          0.79382387	          0.40029815	
          0.86000000	          0.64464473	         -0.28492957	          0.70939997	         -0.09910135	          0.88897231	          0.44710978	         -0.75803172	         -0.35852946	          0.54483441	         -0.68719677	          0.78864650	          0.41617682	
          0.87000000	          0.64357719	         -0.29687423	          0.70546020	         -0.09659829	          0.88283500	          0.45964239	         -0.75926094	         -0.36396160	          0.53949493	         -0.70564619	          0.78307225	          0.43220101	
          0.88000000	          0.64249553	         -0.30904598	          0.70120616	         -0.09389976	          0.87641878	          0.47230599	         -0.76051452	         -0.36929758	          0.53407581	         -0.72409696	          0.77708786	          0.44833951	
          0.89000000	          0.64140202	         -0.32143221	          0.69662385	         -0.09099618	          0.86972010	          0.48508415	         -0.76178943	         -0.37452407	          0.52859113	         -0.74250446	          0.77068082	          0.46455919	
          0.90000000	          0.64029832	         -0.33401908	          0.69170030	         -0.08787840	          0.86273618	          0.49795950	         -0.76308285	         -0.37962815	          0.52305547	         -0.76082368	          0.76384079	          0.48082638	
          0.91000000	          0.63918558	         -0.34679141	          0.68642372	         -0.08453801	          0.85546500	          0.51091385	         -0.76439200	         -0.38459766	          0.51748384	         -0.77900968	          0.75655970	          0.49710699	
          0.92000000	          0.63806472	         -0.35973240	          0.68078339	         -0.08096782	          0.84790526	          0.52392832	         -0.76571380	         -0.38942172	          0.51189168	         -0.79701804	          0.74883159	          0.51336635	
          0.93000000	          0.63693598	         -0.37282389	          0.67477026	         -0.07716237	          0.84005631	          0.53698358	         -0.76704532	         -0.39409103	          0.50629411	         -0.81480608	          0.74065337	          0.52957009	
          0.94000000	          0.63579761	         -0.38604694	          0.66837800	         -0.07311859	          0.83191803	          0.55006005	         -0.76838471	         -0.39859773	          0.50070429	         -0.83233496	          0.73202602	          0.54568604	
          0.95000000	          0.63464417	         -0.39938273	          0.66160428	         -0.06883654	          0.82349066	          0.56313822	         -0.76973262	         -0.40293494	          0.49513142	         -0.84957219	          0.72295620	          0.56168678	
          0.96000000	          0.63346479	         -0.41281355	          0.65445193	         -0.06432013	          0.81477461	          0.57619898	         -0.77109356	         -0.40709620	          0.48957880	         -0.86649406	          0.71345754	          0.57755225	
          0.97000000	          0.63224174	         -0.42632372	          0.64693003	         -0.05957782	          0.80577030	          0.58922381	         -0.77247710	         -0.41107457	          0.48404218	         -0.88308767	          0.70355160	          0.59327201	
          0.98000000	          0.63094954	         -0.43990015	          0.63905440	         -0.05462322	          0.79647818	          0.60219500	         -0.77389856	         -0.41486187	          0.47850878	         -0.89935203	          0.69326825	          0.60884657	
          0.99000000	          0.62955504	         -0.45353246	          0.63084765	         -0.04947542	          0.78689872	          0.61509560	         -0.77537902	         -0.41844799	          0.47295735	         -0.91529798	          0.68264519	          0.62428749	
          1.00000000	          0.62801870	         -0.46721245	          0.62233836	         -0.04415912	          0.77703268	          0.62790938	         -0.77694432	         -0.42182075	          0.46735936	         -0.93094664	          0.67172654	          0.63961573	
          1.01000000	          0.62629693	         -0.48093304	          0.61355975	         -0.03870441	          0.76688142	          0.64062068	         -0.77862322	         -0.42496624	          0.46168125	         -0.94632688	          0.66056076	          0.65485865	
          1.02000000	          0.62434494	         -0.49468697	          0.60454793	         -0.03314636	          0.75644722	          0.65321429	         -0.78044520	         -0.42786960	          0.45588692	         -0.96147223	          0.64919822	          0.67004633	
          1.03000000	          0.62211949	         -0.50846568	          0.59534023	         -0.02752433	          0.74573361	          0.66567544	         -0.78243834	         -0.43051601	          0.44994024	         -0.97641811	          0.63768903	          0.68520822	
          1.04000000	          0.61958104	         -0.52225858	          0.58597382	         -0.02188118	          0.73474550	          0.67798987	         -0.78462765	         -0.43289146	          0.44380675	         -0.99119975	          0.62608129	          0.70037063	
          1.05000000	          0.61669516	         -0.53605271	          0.57648467	         -0.01626246	          0.72348936	          0.69014396	         -0.78703406	         -0.43498350	          0.43745485	         -1.00585092	          0.61441997	          0.71555524	
          1.06000000	          0.61343344	         -0.54983279	          0.56690680	         -0.01071548	          0.71197313	          0.70212494	         -0.78967372	         -0.43678160	          0.43085641	         -1.02040313	          0.60274610	          0.73077834	
          1.07000000	          0.60977395	         -0.56358144	          0.55727164	         -0.00528838	          0.70020623	          0.71392105	         -0.79255773	         -0.43827753	          0.42398709	         -1.03488520	          0.59109629	          0.74605061	
          1.08000000	          0.60570141	         -0.57727956	          0.54760763	         -0.00002924	          0.68819941	          0.72552159	         -0.79569203	         -0.43946546	          0.41682647	         -1.04932306	          0.57950238	          0.76137716	
          1.09000000	          0.60120722	         -0.59090659	          0.53793984	          0.00501484	          0.67596465	          0.73691699	         -0.79907742	         -0.44034213	          0.40935813	         -1.06373950	          0.56799131	          0.77675773	
          1.10000000	          0.59628940	         -0.60444095	          0.52828977	          0.00979854	          0.66351507	          0.74809875	         -0.80270975	         -0.44090688	          0.40156965	         -1.07815405	          0.55658505	          0.79218689	
          1.11000000	          0.59095235	         -0.61786028	          0.51867523	          0.01427902	          0.65086480	          0.75905936	         -0.80658009	         -0.44116174	          0.39345252	         -1.09258284	          0.54530073	          0.80765430	
          1.12000000	          0.58520655	         -0.63114176	          0.50911038	          0.01841648	          0.63802884	          0.76979220	         -0.81067511	         -0.44111141	          0.38500207	         -1.10703860	          0.53415087	          0.82314507	
          1.13000000	          0.57906812	         -0.64426242	          0.49960589	          0.02217460	          0.62502292	          0.78029138	         -0.81497755	         -0.44076330	          0.37621710	         -1.12153082	          0.52314376	          0.83864027	
          1.14000000	          0.57255811	         -0.65719959	          0.49016926	          0.02552083	          0.61186329	          0.79055171	         -0.81946684	         -0.44012727	          0.36709957	         -1.13606607	          0.51228393	          0.85411756	
          1.15000000	          0.56570176	         -0.66993131	          0.48080512	          0.02842665	          0.59856654	          0.80056856	         -0.82411980	         -0.43921536	          0.35765405	         -1.15064834	          0.50157270	          0.86955210	
          1.16000000	          0.55852750	         -0.68243682	          0.47151567	          0.03086769	          0.58514934	          0.81033785	         -0.82891147	         -0.43804137	          0.34788725	         -1.16527959	          0.49100872	          0.88491753	
          1.17000000	          0.55106605	         -0.69469698	          0.46230111	          0.03282381	          0.57162822	          0.81985595	         -0.83381581	         -0.43662030	          0.33780751	         -1.17996010	          0.48058852	          0.90018686	
          1.18000000	          0.54334957	         -0.70669464	          0.45315994	          0.03427916	          0.55801943	          0.82911957	         -0.83880641	         -0.43496781	          0.32742451	         -1.19468880	          0.47030696	          0.91533339	
          1.19000000	          0.53541087	         -0.71841481	          0.44408936	          0.03522216	          0.54433877	          0.83812571	         -0.84385698	         -0.43309983	          0.31674901	         -1.20946337	          0.46015765	          0.93033121	
          1.20000000	          0.52728299	         -0.72984466	          0.43508553	          0.03564542	          0.53060162	          0.84687150	         -0.84894173	         -0.43103213	          0.30579282	         -1.22428032	          0.45013327	          0.94515557	
          1.21000000	          0.51899888	         -0.74097341	          0.42614383	          0.03554564	          0.51682288	          0.85535409	         -0.85403552	         -0.42878026	          0.29456888	         -1.23913481	          0.44022589	          0.95978285	
          1.22000000	          0.51059136	         -0.75179205	          0.41725912	          0.03492342	          0.50301714	          0.86357056	         -0.85911397	         -0.42635955	          0.28309136	         -1.25402049	          0.43042725	          0.97419040	
          1.23000000	          0.50209310	         -0.76229307	          0.40842600	          0.03378303	          0.48919869	          0.87151784	         -0.86415347	         -0.42378523	          0.27137585	         -1.26892939	          0.42072901	          0.98835626	
          1.24000000	          0.49353673	         -0.77247013	          0.39963908	          0.03213212	          0.47538166	          0.87919270	         -0.86913119	         -0.42107264	          0.25943941	         -1.28385182	          0.41112308	          1.00225877	
          1.25000000	          0.48495485	         -0.78231787	          0.39089326	          0.02998147	          0.46158013	          0.88659173	         -0.87402512	         -0.41823741	          0.24730056	         -1.29877641	          0.40160187	          1.01587653	
          1.26000000	          0.47637994	         -0.79183176	          0.38218401	          0.02734470	          0.44780812	          0.89371145	         -0.87881421	         -0.41529549	          0.23497921	         -1.31369030	          0.39215858	          1.02918825	
          1.27000000	          0.46784420	         -0.80100804	          0.37350760	          0.02423803	          0.43407964	          0.90054838	         -0.88347853	         -0.41226325	          0.22249650	         -1.32857929	          0.38278741	          1.04217294	
          1.28000000	          0.45937939	         -0.80984371	          0.36486125	          0.02068001	          0.42040866	          0.90709916	         -0.88799939	         -0.40915733	          0.20987466	         -1.34342808	          0.37348378	          1.05481004	
          1.29000000	          0.45101649	         -0.81833661	          0.35624334	          0.01669138	          0.40680907	          0.91336071	         -0.89235953	         -0.40599455	          0.19713676	         -1.35822057	          0.36424437	          1.06707975	
          1.30000000	          0.44278533	         -0.82648549	          0.34765341	          0.01229476	          0.39329457	          0.91933031	         -0.89654336	         -0.40279166	          0.18430651	         -1.37294014	          0.35506724	          1.07896342	
          1.31000000	          0.43471426	         -0.83429009	          0.33909226	          0.00751453	          0.37987864	          0.92500581	         -0.90053709	         -0.39956510	          0.17140796	         -1.38756992	          0.34595182	          1.09044389	
          1.32000000	          0.42682998	         -0.84175115	          0.33056190	          0.00237652	          0.36657441	          0.93038570	         -0.90432877	         -0.39633092	          0.15846539	         -1.40209299	          0.33689888	          1.10150568	
          1.33000000	          0.41915737	         -0.84887037	          0.32206551	         -0.00309222	          0.35339464	          0.93546922	         -0.90790833	         -0.39310471	          0.14550307	         -1.41649254	          0.32791044	          1.11213505	
          1.34000000	          0.41171936	         -0.85565040	          0.31360732	         -0.00886378	          0.34035154	          0.94025649	         -0.91126758	         -0.38990155	          0.13254502	         -1.43075222	          0.31898963	          1.12232013	
          1.35000000	          0.40453685	         -0.86209485	          0.30519240	         -0.01490970	          0.32745652	          0.94474861	         -0.91440015	         -0.38673595	          0.11961465	         -1.44485638	          0.31014047	          1.13205102	
          1.36000000	          0.39762894	         -0.86820809	          0.29682645	         -0.02120138	          0.31472007	          0.94894772	         -0.91730133	         -0.38362221	          0.10673460	         -1.45879028	          0.30136761	          1.14131942	
          1.37000000	          0.39101391	         -0.87399479	          0.28851556	         -0.02771045	          0.30215159	          0.95285705	         -0.91996753	         -0.38057526	          0.09392668	         -1.47254001	          0.29267611	          1.15011749	
          1.38000000	          0.38471123	         -0.87945911	          0.28026583	         -0.03440918	          0.28975913	          0.95648087	         -0.92239540	         -0.37761265	          0.08121213	         -1.48609227	          0.28407103	          1.15843564	
          1.39000000	          0.37874714	         -0.88460247	          0.27208284	         -0.04127084	          0.27754906	          0.95982459	         -0.92457954	         -0.37475990	          0.06861262	         -1.49943317	          0.27555687	          1.16625625	
          1.40000000	          0.37316973	         -0.88941760	          0.26397101	         -0.04827025	          0.26552575	          0.96289463	         -0.92650652	         -0.37206507	          0.05615377	         -1.51254464	          0.26713694	          1.17353698	
          1.41000000	          0.36808594	         -0.89387418	          0.25593300	         -0.05538370	          0.25369132	          0.96569838	         -0.92814082	         -0.36963451	          0.04387415	         -1.52539499	          0.25881272	          1.18017006	
          1.42000000	          0.36373036	         -0.89789217	          0.24797153	         -0.06259061	          0.24204558	          0.96824395	         -0.92939908	         -0.36770041	          0.03183971	         -1.53792420	          0.25058582	          1.18590666	
          1.43000000	          0.36049527	         -0.90133051	          0.24009681	         -0.06986829	          0.23058835	          0.97053977	         -0.93014063	         -0.36665014	          0.02015159	         -1.55003603	          0.24246558	          1.19032528	
          1.44000000	          0.35287412	         -0.90635207	          0.23239142	         -0.07721428	          0.21931391	          0.97259414	         -0.93247939	         -0.36114724	          0.00740688	         -1.56318088	          0.23453570	          1.19951803	
          1.45000000	          0.34876434	         -0.90988103	          0.22467741	         -0.08461615	          0.20818086	          0.97442334	         -0.93338285	         -0.35885545	         -0.00438457	         -1.57529595	          0.22661197	          1.20476222	
          1.46000000	          0.34037123	         -0.91493035	          0.21690986	         -0.09207454	          0.19714443	          0.97604116	         -0.93577225	         -0.35218821	         -0.01713950	         -1.58835475	          0.21864784	          1.21464193	
          1.47000000	          0.33941653	         -0.91706480	          0.20925720	         -0.09958730	          0.18617886	          0.97745578	         -0.93534955	         -0.35260401	         -0.02813582	         -1.59957313	          0.21081528	          1.21631805	
          1.48000000	          0.33437931	         -0.92064927	          0.20148298	         -0.10714622	          0.17526603	          0.97867334	         -0.93632802	         -0.34883626	         -0.04003876	         -1.61168478	          0.20287172	          1.22241126	
          1.49000000	          0.32891491	         -0.92429911	          0.19361335	         -0.11474626	          0.16438523	          0.97969934	         -0.93736241	         -0.34445412	         -0.05199111	         -1.62381503	          0.19484386	          1.22891652	
          1.50000000	          0.34430461	         -0.92004079	          0.18702752	         -0.12239409	          0.15352184	          0.98053594	         -0.93084587	         -0.36049410	         -0.05974928	         -1.63165640	          0.18813540	          1.21270305	
          1.51000000	          0.31881299	         -0.93102343	          0.17763344	         -0.13007749	          0.14266150	          0.98118680	         -0.93884936	         -0.33592121	         -0.07562285	         -1.64771710	          0.17858112	          1.24087870	
          1.52000000	          0.31369740	         -0.93427532	          0.16948028	         -0.13778072	          0.13181265	          0.98165264	         -0.93947348	         -0.33129299	         -0.08737584	         -1.65957130	          0.17030230	          1.24685844	
          1.53000000	          0.34842368	         -0.92265917	          0.16523011	         -0.14555077	          0.12088150	          0.98193820	         -0.92596756	         -0.36617989	         -0.09217578	         -1.66439331	          0.16599133	          1.20972200	
          1.54000000	          0.34852688	         -0.92392882	          0.15774836	         -0.15341656	          0.10979830	          0.98204261	         -0.92465798	         -0.36646946	         -0.10347832	         -1.67577943	          0.15841004	          1.21007845	
          1.55000000	          0.34852211	         -0.92520268	          0.15010778	         -0.16131633	          0.09855032	          0.98196990	         -0.92331434	         -0.36645306	         -0.11490334	         -1.68727972	          0.15067729	          1.21053772	
          1.56000000	          0.34847552	         -0.92644942	          0.14232459	         -0.16922425	          0.08716265	          0.98171576	         -0.92191538	         -0.36618868	         -0.12640366	         -1.69884968	          0.14280952	          1.21102579	
          1.57000000	          0.34843961	         -0.92764375	          0.13441321	         -0.17711089	          0.07565873	          0.98127850	         -0.92044640	         -0.36572234	         -0.13793332	         -1.71044627	          0.13482128	          1.21148404	
          1.58000000	          0.34845008	         -0.92876724	          0.12638809	         -0.18494978	          0.06406094	          0.98065783	         -0.91889941	         -0.36508575	         -0.14945326	         -1.72203364	          0.12672701	          1.21187240	
          1.59000000	          0.34852933	         -0.92980713	          0.11826243	         -0.19271658	          0.05239005	          0.97985489	         -0.91727184	         -0.36429930	         -0.16092978	         -1.73358142	          0.11853985	          1.21216554	
          1.60000000	          0.34868925	         -0.93075515	          0.11004842	         -0.20038973	          0.04066544	          0.97887194	         -0.91556527	         -0.36337469	         -0.17233417	         -1.74506435	          0.11027177	          1.21234966	
          1.61000000	          0.34893404	         -0.93160641	          0.10175722	         -0.20795067	          0.02890512	          0.97771213	         -0.91378420	         -0.36231753	         -0.18364219	         -1.75646159	          0.10193365	          1.21241943	
          1.62000000	          0.34926258	         -0.93235845	          0.09339901	         -0.21538388	          0.01712574	          0.97637928	         -0.91193499	         -0.36112939	         -0.19483360	         -1.76775632	          0.09353534	          1.21237534	
          1.63000000	          0.34967067	         -0.93301036	          0.08498292	         -0.22267682	          0.00534227	          0.97487768	         -0.91002497	         -0.35980986	         -0.20589175	         -1.77893518	          0.08508554	          1.21222132	
          1.64000000	          0.35015289	         -0.93356206	          0.07651691	         -0.22981960	         -0.00643216	          0.97321199	         -0.90806162	         -0.35835807	         -0.21680310	         -1.78998786	          0.07659177	          1.21196263	
          1.65000000	          0.35070388	         -0.93401377	          0.06800788	         -0.23680453	         -0.01818634	          0.97138709	         -0.90605210	         -0.35677379	         -0.22755671	         -1.80090648	          0.06806041	          1.21160454	
          1.66000000	          0.35131909	         -0.93436567	          0.05946173	         -0.24362562	         -0.02991083	          0.96940802	         -0.90400302	         -0.35505795	         -0.23814366	         -1.81168504	          0.05949682	          1.21115148	
          1.67000000	          0.35199519	         -0.93461770	          0.05088353	         -0.25027806	         -0.04159781	          0.96727996	         -0.90192033	         -0.35321293	         -0.24855654	         -1.82231893	          0.05090552	          1.21060663	
          1.68000000	          0.35273020	         -0.93476950	          0.04227760	         -0.25675788	         -0.05324096	          0.96500818	         -0.89980931	         -0.35124263	         -0.25878913	         -1.83280451	          0.04229021	          1.20997173	
          1.69000000	          0.35352363	         -0.93482024	          0.03364752	         -0.26306142	         -0.06483534	          0.96259808	         -0.89767463	         -0.34915253	         -0.26883596	         -1.84313876	          0.03365388	          1.20924689	
          1.70000000	          0.35437655	         -0.93476866	          0.02499620	         -0.26918512	         -0.07637736	          0.96005514	         -0.89552031	         -0.34694963	         -0.27869216	         -1.85331907	          0.02499881	          1.20843061	
          1.71000000	          0.35529147	         -0.93461299	          0.01632593	         -0.27512533	         -0.08786470	          0.95738490	         -0.89334989	         -0.34464237	         -0.28835329	         -1.86334310	          0.01632665	          1.20751980	
          1.72000000	          0.35627216	         -0.93435101	          0.00763845	         -0.28087821	         -0.09929617	          0.95459295	         -0.89116642	         -0.34224036	         -0.29781530	         -1.87320872	          0.00763852	          1.20650999	
          1.73000000	          0.35732336	         -0.93398013	         -0.00106490	         -0.28643980	         -0.11067160	          0.95168484	         -0.88897258	         -0.33975420	         -0.30707463	         -1.88291413	         -0.00106490	          1.20539563	
          1.74000000	          0.35845056	         -0.93349745	         -0.00978305	         -0.29180618	         -0.12199170	          0.94866600	         -0.88677074	         -0.33719510	         -0.31612831	         -1.89245800	         -0.00978321	          1.20417032	
          1.75000000	          0.35965970	         -0.93289983	         -0.01851513	         -0.29697363	         -0.13325790	          0.94554164	         -0.88456292	         -0.33457472	         -0.32497414	         -1.90183963	         -0.01851618	          1.20282708	
          1.76000000	          0.36095697	         -0.93218396	         -0.02726024	         -0.30193894	         -0.14447228	          0.94231663	         -0.88235080	         -0.33190483	         -0.33361091	         -1.91105923	         -0.02726362	          1.20135859	
          1.77000000	          0.36234866	         -0.93134644	         -0.03601743	         -0.30669962	         -0.15563745	          0.93899538	         -0.88013567	         -0.32919718	         -0.34203862	         -1.92011817	         -0.03602522	          1.19975734	
          1.78000000	          0.36384099	         -0.93038379	         -0.04478550	         -0.31125418	         -0.16675648	          0.93558170	         -0.87791832	         -0.32646330	         -0.35025868	         -1.92901920	         -0.04480048	          1.19801576	
          1.79000000	          0.36544012	         -0.92929249	         -0.05356295	         -0.31560235	         -0.17783275	          0.93207868	         -0.87569897	         -0.32371435	         -0.35827411	         -1.93776669	         -0.05358859	          1.19612630	
          1.80000000	          0.36715206	         -0.92806902	         -0.06234786	         -0.31974520	         -0.18886999	          0.92848863	         -0.87347717	         -0.32096108	         -0.36608962	         -1.94636674	         -0.06238833	          1.19408139	
          1.81000000	          0.36898276	         -0.92670984	         -0.07113787	         -0.32368523	         -0.19987215	          0.92481295	         -0.87125174	         -0.31821376	         -0.37371167	         -1.95482730	         -0.07119801	          1.19187347	
          1.82000000	          0.37093813	         -0.92521137	         -0.07993011	         -0.32742625	         -0.21084337	          0.92105218	         -0.86902069	         -0.31548215	         -0.38114833	         -1.96315806	         -0.08001546	          1.18949488	
          1.83000000	          0.37302405	         -0.92357003	         -0.08872123	         -0.33097328	         -0.22178788	          0.91720599	         -0.86678126	         -0.31277554	         -0.38840921	         -1.97137033	         -0.08883804	          1.18693789	
          1.84000000	          0.37524641	         -0.92178221	         -0.09750740	         -0.33433231	         -0.23270996	          0.91327322	         -0.86452995	         -0.31010262	         -0.39550515	         -1.97947682	         -0.09766258	          1.18419464	
          1.85000000	          0.37761100	         -0.91984432	         -0.10628433	         -0.33751009	         -0.24361380	          0.90925203	         -0.86226265	         -0.30747153	         -0.40244799	         -1.98749139	         -0.10648546	          1.18125726	
          1.86000000	          0.38012345	         -0.91775284	         -0.11504730	         -0.34051390	         -0.25450340	          0.90513994	         -0.85997468	         -0.30488971	         -0.40925031	         -1.99542877	         -0.11530261	          1.17811792	
          1.87000000	          0.38278914	         -0.91550436	         -0.12379114	         -0.34335136	         -0.26538248	          0.90093395	         -0.85766096	         -0.30236387	         -0.41592520	         -2.00330432	         -0.12410951	          1.17476894	
          1.88000000	          0.38561306	         -0.91309561	         -0.13251028	         -0.34603031	         -0.27625430	          0.89663069	         -0.85531608	         -0.29989993	         -0.42248602	         -2.01113384	         -0.13290117	          1.17120295	
          1.89000000	          0.38859969	         -0.91052359	         -0.14119872	         -0.34855862	         -0.28712162	          0.89222647	         -0.85293445	         -0.29750290	         -0.42894621	         -2.01893328	         -0.14167216	          1.16741299	
          1.90000000	          0.39175296	         -0.90778554	         -0.14985002	         -0.35094413	         -0.29798655	          0.88771743	         -0.85051034	         -0.29517695	         -0.43531912	         -2.02671859	         -0.15041658	          1.16339263	
          1.91000000	          0.39507619	         -0.90487904	         -0.15845733	         -0.35319450	         -0.30885051	          0.88309966	         -0.84803800	         -0.29292539	         -0.44161779	         -2.03450550	         -0.15912805	          1.15913597	
          1.92000000	          0.39857202	         -0.90180201	         -0.16701341	         -0.35531710	         -0.31971419	          0.87836928	         -0.84551174	         -0.29075069	         -0.44785481	         -2.04230932	         -0.16779975	          1.15463779	
          1.93000000	          0.40224233	         -0.89855279	         -0.17551066	         -0.35731886	         -0.33057747	          0.87352262	         -0.84292606	         -0.28865451	         -0.45404211	         -2.05014470	         -0.17642446	          1.14989358	
          1.94000000	          0.40608827	         -0.89513013	         -0.18394120	         -0.35920613	         -0.34143940	          0.86855633	         -0.84027571	         -0.28663772	         -0.46019077	         -2.05802539	         -0.18499458	          1.14489964	
