name C:\Users\u0101727\Documents\MyRepositories\upper-imu-dc\Results\main_tracking\Case_41\FLX01_orientations_groundFrame.mot
datacolumns 13
datarows 600
range 0.510000 6.500000
endheader 
time	radius_imu_[0][0]	radius_imu_[0][1]	radius_imu_[0][2]	radius_imu_[1][0]	radius_imu_[1][1]	radius_imu_[1][2]	radius_imu_[2][0]	radius_imu_[2][1]	radius_imu_[2][2]	radius_imu_x	radius_imu_y	radius_imu_z	
          0.51000000	          0.68595832	         -0.01945011	          0.72738084	         -0.13474427	          0.97895811	          0.15324818	         -0.71505606	         -0.20313227	          0.66890367	         -0.22521678	          0.81449747	          0.02834706	
          0.52000000	          0.68458685	         -0.02330314	          0.72855872	         -0.13409699	          0.97840446	          0.15729813	         -0.71649065	         -0.20538176	          0.66667795	         -0.23170562	          0.81621548	          0.03402657	
          0.53000000	          0.68316153	         -0.02720741	          0.72976029	         -0.13341407	          0.97783763	          0.16135133	         -0.71797703	         -0.20758931	          0.66439120	         -0.23824359	          0.81797128	          0.03980470	
          0.54000000	          0.68162361	         -0.03117644	          0.73103850	         -0.13269573	          0.97725825	          0.16540302	         -0.71957008	         -0.20974829	          0.66198531	         -0.24484600	          0.81984269	          0.04570665	
          0.55000000	          0.68001093	         -0.03519907	          0.73235658	         -0.13194597	          0.97666516	          0.16945626	         -0.72123186	         -0.21186361	          0.65949860	         -0.25150636	          0.82177642	          0.05171635	
          0.56000000	          0.67829201	         -0.03928811	          0.73374137	         -0.13117098	          0.97605564	          0.17352109	         -0.72298971	         -0.21394354	          0.65689728	         -0.25825372	          0.82381234	          0.05785747	
          0.57000000	          0.67648860	         -0.04344625	          0.73517046	         -0.13037984	          0.97542462	          0.17761734	         -0.72482017	         -0.21600751	          0.65419911	         -0.26511263	          0.82591810	          0.06413511	
          0.58000000	          0.67455878	         -0.04770022	          0.73667845	         -0.12958100	          0.97476571	          0.18177068	         -0.72675939	         -0.21807454	          0.65135572	         -0.27214160	          0.82814536	          0.07059570	
          0.59000000	          0.67251086	         -0.05206504	          0.73825359	         -0.12877812	          0.97407282	          0.18600631	         -0.72879718	         -0.22016217	          0.64836971	         -0.27937992	          0.83047758	          0.07726476	
          0.60000000	          0.67033920	         -0.05656322	          0.73989591	         -0.12797873	          0.97333741	          0.19035685	         -0.73093557	         -0.22229460	          0.64522733	         -0.28688444	          0.83291562	          0.08418059	
          0.61000000	          0.66804363	         -0.06121731	          0.74159972	         -0.12718750	          0.97255088	          0.19485410	         -0.73317191	         -0.22449325	          0.64192035	         -0.29470931	          0.83545187	          0.09138147	
          0.62000000	          0.66563990	         -0.06604811	          0.74334458	         -0.12640230	          0.97170532	          0.19952753	         -0.73549030	         -0.22677395	          0.63845720	         -0.30289864	          0.83805662	          0.09890125	
          0.63000000	          0.66319165	         -0.07106507	          0.74506818	         -0.12561881	          0.97079185	          0.20440913	         -0.73783247	         -0.22915700	          0.63489394	         -0.31147798	          0.84063705	          0.10674882	
          0.64000000	          0.66076962	         -0.07628091	          0.74670258	         -0.12483366	          0.96979890	          0.20953916	         -0.74013517	         -0.23167073	          0.63129122	         -0.32047941	          0.84309083	          0.11493375	
          0.65000000	          0.65842331	         -0.08171978	          0.74819825	         -0.12404197	          0.96871275	          0.21496324	         -0.74235594	         -0.23434479	          0.62768637	         -0.32995016	          0.84534228	          0.12348287	
          0.66000000	          0.65618589	         -0.08741211	          0.74951931	         -0.12322988	          0.96752084	          0.22072113	         -0.74446926	         -0.23719727	          0.62410174	         -0.33993353	          0.84733565	          0.13243273	
          0.67000000	          0.65408125	         -0.09338858	          0.75063725	         -0.12238143	          0.96621056	          0.22684782	         -0.74645864	         -0.24024097	          0.62055119	         -0.35046769	          0.84902604	          0.14181974	
          0.68000000	          0.65211892	         -0.09967558	          0.75153556	         -0.12148195	          0.96477007	          0.23336846	         -0.74832015	         -0.24348199	          0.61703603	         -0.36158090	          0.85038669	          0.15167487	
          0.69000000	          0.65032515	         -0.10628474	          0.75218399	         -0.12051924	          0.96318825	          0.24029879	         -0.75003488	         -0.24692499	          0.61357618	         -0.37327568	          0.85137017	          0.16200099	
          0.70000000	          0.64873530	         -0.11322000	          0.75254484	         -0.11948226	          0.96145369	          0.24765055	         -0.75157601	         -0.25057541	          0.61020117	         -0.38553986	          0.85191795	          0.17278395	
          0.71000000	          0.64737412	         -0.12048660	          0.75258868	         -0.11835977	          0.95955437	          0.25543368	         -0.75292610	         -0.25443738	          0.60692991	         -0.39836044	          0.85198453	          0.18401050	
          0.72000000	          0.64624110	         -0.12809558	          0.75230576	         -0.11714125	          0.95747757	          0.26365628	         -0.75408910	         -0.25851156	          0.60375608	         -0.41173320	          0.85155499	          0.19567997	
          0.73000000	          0.64530633	         -0.13606286	          0.75170915	         -0.11581813	          0.95521043	          0.27232186	         -0.75509331	         -0.26279257	          0.60064479	         -0.42566329	          0.85064987	          0.20780618	
          0.74000000	          0.64452054	         -0.14440379	          0.75082676	         -0.11438528	          0.95274067	          0.28142713	         -0.75598233	         -0.26726909	          0.59754326	         -0.44015808	          0.84931291	          0.22040850	
          0.75000000	          0.64382400	         -0.15312996	          0.74969452	         -0.11284188	          0.95005681	          0.29096180	         -0.75680735	         -0.27192512	          0.59438990	         -0.45522315	          0.84760036	          0.23350582	
          0.76000000	          0.64315172	         -0.16224842	          0.74835240	         -0.11119176	          0.94714823	          0.30090967	         -0.75762276	         -0.27674120	          0.59111933	         -0.47086188	          0.84557464	          0.24711477	
          0.77000000	          0.64243639	         -0.17176226	          0.74684216	         -0.10944329	          0.94400501	          0.31125022	         -0.75848379	         -0.28169533	          0.58766494	         -0.48707663	          0.84330071	          0.26125026	
          0.78000000	          0.64161126	         -0.18167113	          0.74520506	         -0.10760885	          0.94061795	          0.32195995	         -0.75944409	         -0.28676379	          0.58396165	         -0.50386949	          0.84084231	          0.27592572	
          0.79000000	          0.64061382	         -0.19197145	          0.74347891	         -0.10570413	          0.93697841	          0.33301366	         -0.76055280	         -0.29192194	          0.57994915	         -0.52124174	          0.83825746	          0.29115217	
          0.80000000	          0.63939018	         -0.20265614	          0.74169447	         -0.10374692	          0.93307835	          0.34438550	         -0.76185088	         -0.29714522	          0.57557619	         -0.53919193	          0.83559311	          0.30693583	
          0.81000000	          0.63789782	         -0.21371500	          0.73987315	         -0.10175579	          0.92891019	          0.35605002	         -0.76336894	         -0.30240991	          0.57080304	         -0.55771458	          0.83288178	          0.32327692	
          0.82000000	          0.63610834	         -0.22513485	          0.73802471	         -0.09974831	          0.92446682	          0.36798284	         -0.76512512	         -0.30769367	          0.56560423	         -0.57679780	          0.83013832	          0.34016748	
          0.83000000	          0.63400855	         -0.23690020	          0.73614635	         -0.09773913	          0.91974149	          0.38016135	         -0.76712465	         -0.31297585	          0.55996955	         -0.59642167	          0.82735885	          0.35759061	
          0.84000000	          0.63160063	         -0.24899404	          0.73422246	         -0.09573799	          0.91472785	          0.39256489	         -0.76936005	         -0.31823721	          0.55390450	         -0.61655640	          0.82452069	          0.37551979	
          0.85000000	          0.62890187	         -0.26139840	          0.73222491	         -0.09374759	          0.90942008	          0.40517466	         -0.77181205	         -0.32345942	          0.54743052	         -0.63716013	          0.82158306	          0.39391821	
          0.86000000	          0.62594430	         -0.27409468	          0.73011358	         -0.09176161	          0.90381308	          0.41797334	         -0.77445047	         -0.32862443	          0.54058528	         -0.65817619	          0.81848815	          0.41273764	
          0.87000000	          0.62277405	         -0.28706361	          0.72783718	         -0.08976314	          0.89790282	          0.43094443	         -0.77723552	         -0.33371396	          0.53342285	         -0.67953054	          0.81516271	          0.43191713	
          0.88000000	          0.61945014	         -0.30028512	          0.72533466	         -0.08772356	          0.89168656	          0.44407167	         -0.78011929	         -0.33870920	          0.52601329	         -0.70112971	          0.81152042	          0.45138206	
          0.89000000	          0.61604279	         -0.31373811	          0.72253697	         -0.08560220	          0.88516310	          0.45733855	         -0.78304760	         -0.34359087	          0.51844168	         -0.72286006	          0.80746500	          0.47104381	
          0.90000000	          0.61263111	         -0.32740023	          0.71936932	         -0.08334681	          0.87833282	          0.47072791	         -0.78596211	         -0.34833969	          0.51080625	         -0.74458849	          0.80289395	          0.49080031	
          0.91000000	          0.60929999	         -0.34124783	          0.71575376	         -0.08089487	          0.87119763	          0.48422176	         -0.78880260	         -0.35293712	          0.50321551	         -0.76616514	          0.79770285	          0.51053809	
          0.92000000	          0.60613675	         -0.35525599	          0.71161185	         -0.07817577	          0.86376060	          0.49780134	         -0.79150918	         -0.35736649	          0.49578463	         -0.78742789	          0.79178976	          0.53013528	
          0.93000000	          0.60322744	         -0.36939857	          0.70686728	         -0.07511385	          0.85602548	          0.51144725	         -0.79402429	         -0.36161454	          0.48863111	         -0.80820856	          0.78505951	          0.54946570	
          0.94000000	          0.60065256	         -0.38364858	          0.70144869	         -0.07163237	          0.84799590	          0.52513975	         -0.79629473	         -0.36567297	          0.48186925	         -0.82834108	          0.77742809	          0.56840434	
          0.95000000	          0.59848131	         -0.39797914	          0.69529326	         -0.06765829	          0.83967445	          0.53885915	         -0.79827468	         -0.36953948	          0.47560288	         -0.84767203	          0.76882785	          0.58683520	
          0.96000000	          0.59676418	         -0.41236520	          0.68835126	         -0.06312754	          0.83106179	          0.55258593	         -0.79992964	         -0.37321741	          0.46991630	         -0.86607300	          0.75921365	          0.60466144	
          0.97000000	          0.59552463	         -0.42678572	          0.68059119	         -0.05799053	          0.82215608	          0.56630069	         -0.80124124	         -0.37671385	          0.46486467	         -0.88345297	          0.74856924	          0.62181660	
          0.98000000	          0.59475169	         -0.44122553	          0.67200481	         -0.05221711	          0.81295288	          0.57998361	         -0.80221182	         -0.38003638	          0.46046558	         -0.89976844	          0.73691267	          0.63827442	
          0.99000000	          0.59439555	         -0.45567638	          0.66261072	         -0.04580063	          0.80344565	          0.59361384	         -0.80286751	         -0.38318942	          0.45669425	         -0.91502850	          0.72429918	          0.65405425	
          1.00000000	          0.59436853	         -0.47013616	          0.65245540	         -0.03876049	          0.79362679	          0.60716896	         -0.80325816	         -0.38617161	          0.45348408	         -0.92929319	          0.71081998	          0.66921932	
          1.01000000	          0.59455226	         -0.48460628	          0.64161076	         -0.03114288	          0.78348882	          0.62062500	         -0.80345363	         -0.38897561	          0.45073301	         -0.94266495	          0.69659642	          0.68386727	
          1.02000000	          0.59480926	         -0.49908802	          0.63016910	         -0.02301978	          0.77302555	          0.63395709	         -0.80353720	         -0.39158990	          0.44831385	         -0.95527614	          0.68177098	          0.69811571	
          1.03000000	          0.59499536	         -0.51357929	          0.61823687	         -0.01448621	          0.76223291	          0.64714074	         -0.80359858	         -0.39400164	          0.44608523	         -0.96727608	          0.66649753	          0.71208766	
          1.04000000	          0.59497026	         -0.52807276	          0.60592866	         -0.00565640	          0.75110951	          0.66015339	         -0.80372781	         -0.39619901	          0.44390083	         -0.97882071	          0.65093272	          0.72590041	
          1.05000000	          0.59460496	         -0.54255548	          0.59336202	          0.00334077	          0.73965677	          0.67297600	         -0.80401106	         -0.39817258	          0.44161614	         -0.99006527	          0.63522920	          0.73965864	
          1.06000000	          0.59378667	         -0.55700953	          0.58065289	          0.01236681	          0.72787890	          0.68559417	         -0.80452747	         -0.39991585	          0.43909322	         -1.00115937	          0.61953039	          0.75345104	
          1.07000000	          0.59242185	         -0.57141306	          0.56791150	          0.02127893	          0.71578276	          0.69799874	         -0.80534686	         -0.40142516	          0.43620440	         -1.01224318	          0.60396624	          0.76734877	
          1.08000000	          0.59043780	         -0.58574151	          0.55523876	          0.02993533	          0.70337774	          0.71018563	         -0.80652779	         -0.40269918	          0.43283517	         -1.02344438	          0.58865002	          0.78140535	
          1.09000000	          0.58778333	         -0.59996861	          0.54272316	          0.03820024	          0.69067566	          0.72215502	         -0.80811602	         -0.40373852	          0.42888659	         -1.03487550	          0.57367592	          0.79565691	
          1.10000000	          0.58442868	         -0.61406696	          0.53043839	          0.04594806	          0.67769071	          0.73391013	         -0.81014313	         -0.40454551	          0.42427707	         -1.04663173	          0.55911762	          0.81012270	
          1.11000000	          0.58036498	         -0.62800840	          0.51844183	          0.05306657	          0.66443929	          0.74545581	         -0.81262564	         -0.40512452	          0.41894355	         -1.05878944	          0.54502776	          0.82480548	
          1.12000000	          0.57560311	         -0.64176416	          0.50677393	          0.05945892	          0.65093979	          0.75679721	         -0.81556465	         -0.40548260	          0.41284158	         -1.07140572	          0.53143845	          0.83969240	
          1.13000000	          0.57017168	         -0.65530526	          0.49545865	          0.06504469	          0.63721219	          0.76793868	         -0.81894655	         -0.40562993	          0.40594447	         -1.08451907	          0.51836277	          0.85475649	
          1.14000000	          0.56411424	         -0.66860315	          0.48450485	          0.06976007	          0.62327744	          0.77888303	         -0.82274459	         -0.40557992	          0.39824148	         -1.09815108	          0.50579706	          0.86995910	
          1.15000000	          0.55748586	         -0.68163078	          0.47390821	          0.07355760	          0.60915676	          0.78963113	         -0.82692127	         -0.40534864	          0.38973541	         -1.11230882	          0.49372376	          0.88525319	
          1.16000000	          0.55034910	         -0.69436388	          0.46365361	          0.07640562	          0.59487094	          0.80018170	         -0.83143133	         -0.40495353	          0.38043998	         -1.12698742	          0.48211441	          0.90058718	
          1.17000000	          0.54277011	         -0.70678214	          0.45371754	          0.07828753	          0.58043964	          0.81053124	         -0.83622465	         -0.40441171	          0.37037751	         -1.14217246	          0.47093257	          0.91590872	
          1.18000000	          0.53481531	         -0.71887006	          0.44407029	          0.07920107	          0.56588100	          0.82067404	         -0.84124894	         -0.40373820	          0.35957710	         -1.15784170	          0.46013636	          0.93116779	
          1.19000000	          0.52654887	         -0.73061714	          0.43467790	          0.07915733	          0.55121155	          0.83060216	         -0.84645165	         -0.40294469	          0.34807352	         -1.17396624	          0.44968059	          0.94631863	
          1.20000000	          0.51803121	         -0.74201762	          0.42550385	          0.07817952	          0.53644634	          0.84030547	         -0.85178145	         -0.40203877	          0.33590653	         -1.19051122	          0.43951857	          0.96132066	
          1.21000000	          0.50931838	         -0.75306955	          0.41651055	          0.07630141	          0.52159942	          0.84977182	         -0.85718894	         -0.40102406	          0.32312044	         -1.20743632	          0.42960371	          0.97613822	
          1.22000000	          0.50046235	         -0.76377365	          0.40766070	          0.07356555	          0.50668432	          0.85898726	         -0.86262712	         -0.39990100	          0.30976386	         -1.22469624	          0.41989075	          0.99073958	
          1.23000000	          0.49151188	         -0.77413191	          0.39891837	          0.07002117	          0.49171469	          0.86793646	         -0.86805133	         -0.39866835	          0.29588924	         -1.24224129	          0.41033699	          1.00509527	
          1.24000000	          0.48251352	         -0.78414639	          0.39025011	          0.06572212	          0.47670475	          0.87660321	         -0.87341932	         -0.39732483	          0.28155225	         -1.26001836	          0.40090323	          1.01917659	
          1.25000000	          0.47351245	         -0.79381838	          0.38162591	          0.06072493	          0.46166965	          0.88497097	         -0.87869132	         -0.39587057	          0.26681089	         -1.27797209	          0.39155470	          1.03295453	
          1.26000000	          0.46455296	         -0.80314797	          0.37301996	          0.05508732	          0.44662572	          0.89302343	         -0.88383026	         -0.39430801	          0.25172457	         -1.29604606	          0.38226178	          1.04639925	
          1.27000000	          0.45567812	         -0.81213418	          0.36441120	          0.04886722	          0.43159041	          0.90074509	         -0.88880225	         -0.39264207	          0.23635305	         -1.31418411	          0.37300045	          1.05948071	
          1.28000000	          0.44692892	         -0.82077562	          0.35578354	          0.04212242	          0.41658216	          0.90812169	         -0.89357722	         -0.39087938	          0.22075567	         -1.33233131	          0.36375233	          1.07216997	
          1.29000000	          0.43834380	         -0.82907082	          0.34712576	          0.03491066	          0.40162039	          0.91514059	         -0.89812914	         -0.38902781	          0.20499122	         -1.35043419	          0.35450454	          1.08443995	
          1.30000000	          0.42995778	         -0.83701885	          0.33843133	          0.02729002	          0.38672548	          0.92179101	         -0.90243646	         -0.38709541	          0.18911789	         -1.36844081	          0.34524935	          1.09626666	
          1.31000000	          0.42180179	         -0.84461973	          0.32969797	          0.01931912	          0.37191856	          0.92806431	         -0.90648222	         -0.38508972	          0.17319322	         -1.38630085	          0.33598364	          1.10763007	
          1.32000000	          0.41390234	         -0.85187482	          0.32092701	          0.01105715	          0.35722122	          0.93395436	         -0.91025414	         -0.38301735	          0.15727400	         -1.40396571	          0.32670811	          1.11851466	
          1.33000000	          0.40628119	         -0.85878691	          0.31212279	          0.00256364	          0.34265513	          0.93945776	         -0.91374450	         -0.38088385	          0.14141596	         -1.42138873	          0.31742664	          1.12890973	
          1.34000000	          0.39895647	         -0.86535993	          0.30329182	         -0.00610211	          0.32824159	          0.94457410	         -0.91694956	         -0.37869467	          0.12567359	         -1.43852526	          0.30814530	          1.13880820	
          1.35000000	          0.39194932	         -0.87159625	          0.29444134	         -0.01488182	          0.31400092	          0.94930604	         -0.91986644	         -0.37646168	          0.11010151	         -1.45533117	          0.29887089	          1.14819908	
          1.36000000	          0.38531998	         -0.87748229	          0.28557548	         -0.02371939	          0.29995160	          0.95365949	         -0.92247813	         -0.37423773	          0.09476400	         -1.47175266	          0.28960686	          1.15702700	
          1.37000000	          0.37935934	         -0.88291225	          0.27668114	         -0.03256146	          0.28610932	          0.95764357	         -0.92467629	         -0.37230017	          0.07978933	         -1.48766992	          0.28033870	          1.16497831	
          1.38000000	          0.37526071	         -0.88742136	          0.26769894	         -0.04135881	          0.27248688	          0.96127018	         -0.92599614	         -0.37179864	          0.06555093	         -1.50270974	          0.27100402	          1.17073421	
          1.39000000	          0.35001662	         -0.89996313	          0.25991294	         -0.05006743	          0.25909449	          0.96455342	         -0.93540452	         -0.35062290	          0.04562854	         -1.52352622	          0.26293205	          1.19987516	
          1.40000000	          0.34219838	         -0.90550177	          0.25093189	         -0.05865897	          0.24594682	          0.96750674	         -0.93779497	         -0.34579864	          0.03104680	         -1.53871784	          0.25364282	          1.20947667	
          1.41000000	          0.33357219	         -0.91114531	          0.24195829	         -0.06711383	          0.23305532	          0.97014481	         -0.94033256	         -0.33985207	          0.01659032	         -1.55369712	          0.24438360	          1.21984931	
          1.42000000	          0.33731480	         -0.91212173	          0.23292203	         -0.07549109	          0.22041766	          0.97247990	         -0.93836018	         -0.34561540	          0.00549308	         -1.56514786	          0.23508128	          1.21658058	
          1.43000000	          0.33430697	         -0.91541613	          0.22416994	         -0.08369449	          0.20807964	          0.97452455	         -0.93874069	         -0.34455214	         -0.00705281	         -1.57803338	          0.22609121	          1.22064789	
          1.44000000	          0.33304929	         -0.91792628	          0.21561430	         -0.09176169	          0.19603096	          0.97629486	         -0.93843378	         -0.34493944	         -0.01894250	         -1.59019633	          0.21732088	          1.22273953	
          1.45000000	          0.32953244	         -0.92112607	          0.20720796	         -0.09968400	          0.18429552	          0.97780277	         -0.93886712	         -0.34287306	         -0.03109018	         -1.60258158	          0.20872011	          1.22723442	
          1.46000000	          0.32472679	         -0.92465520	          0.19891022	         -0.10747830	          0.17286939	          0.97906312	         -0.93968129	         -0.33930655	         -0.04324505	         -1.61493746	          0.20024580	          1.23306453	
          1.47000000	          0.31910491	         -0.92834197	          0.19066528	         -0.11518450	          0.16170124	          0.98009451	         -0.94069367	         -0.33471466	         -0.05533094	         -1.62719117	          0.19183981	          1.23971242	
          1.48000000	          0.31257684	         -0.93222271	          0.18236378	         -0.12285946	          0.15069423	          0.98091631	         -0.94191362	         -0.32901683	         -0.06742885	         -1.63942904	          0.18339001	          1.24727434	
          1.49000000	          0.35606722	         -0.91734696	          0.17801877	         -0.13063131	          0.13976950	          0.98152939	         -0.92528460	         -0.37274527	         -0.07006690	         -1.64206087	          0.17897269	          1.20054797	
          1.50000000	          0.35383922	         -0.91961827	          0.17058736	         -0.13857443	          0.12882843	          0.98193705	         -0.92498375	         -0.37108689	         -0.08185102	         -1.65396076	          0.17142574	          1.20348999	
          1.51000000	          0.35097603	         -0.92208711	          0.16300672	         -0.14664710	          0.11780584	          0.98214887	         -0.92482996	         -0.36861517	         -0.09387437	         -1.66608744	          0.16373737	          1.20709702	
          1.52000000	          0.34786941	         -0.92459270	          0.15529072	         -0.15483459	          0.10670458	          0.98216108	         -0.92466920	         -0.36570817	         -0.10603967	         -1.67834540	          0.15592173	          1.21093836	
          1.53000000	          0.34488552	         -0.92698741	          0.14747312	         -0.16310002	          0.09553933	          0.98197282	         -0.92436593	         -0.36272107	         -0.11824153	         -1.69063161	          0.14801297	          1.21461460	
          1.54000000	          0.34229663	         -0.92916454	          0.13959323	         -0.17139803	          0.08432719	          0.98158629	         -0.92382668	         -0.35991968	         -0.13039206	         -1.70286124	          0.14005061	          1.21783166	
          1.55000000	          0.34023030	         -0.93107672	          0.13167945	         -0.17967626	          0.07308439	          0.98100719	         -0.92301668	         -0.35742804	         -0.14242685	         -1.71497326	          0.13206299	          1.22045445	
          1.56000000	          0.33867191	         -0.93273225	          0.12374122	         -0.18787905	          0.06182618	          0.98024435	         -0.92195597	         -0.35522960	         -0.15430206	         -1.72692701	          0.12405920	          1.22250213	
          1.57000000	          0.33752629	         -0.93416954	          0.11577251	         -0.19595080	          0.05056739	          0.97930905	         -0.92069500	         -0.35322827	         -0.16598345	         -1.73869112	          0.11603270	          1.22408011	
          1.58000000	          0.33668493	         -0.93543081	          0.10776116	         -0.20384017	          0.03932260	          0.97821415	         -0.91928910	         -0.35131601	         -0.17743905	         -1.75023610	          0.10797081	          1.22530715	
          1.59000000	          0.33606020	         -0.93654905	          0.09969662	         -0.21150428	          0.02810609	          0.97697287	         -0.91778510	         -0.34940796	         -0.18863879	         -1.76153408	          0.09986252	          1.22627851	
          1.60000000	          0.33559033	         -0.93754649	          0.09157347	         -0.21891226	          0.01693145	          0.97559764	         -0.91621861	         -0.34744769	         -0.19955839	         -1.77256293	          0.09170194	          1.22706092	
          1.61000000	          0.33523302	         -0.93843731	          0.08339205	         -0.22604757	          0.00581125	          0.97409893	         -0.91461539	         -0.34540070	         -0.21018335	         -1.78331034	          0.08348900	          1.22769977	
          1.62000000	          0.33495850	         -0.93923058	          0.07515801	         -0.23290858	         -0.00524334	          0.97248450	         -0.91299310	         -0.34324690	         -0.22051116	         -1.79377611	          0.07522895	          1.22822664	
          1.63000000	          0.33474538	         -0.93993215	          0.06688113	         -0.23950745	         -0.01622304	          0.97075898	         -0.91136256	         -0.34097561	         -0.23055134	         -1.80397231	          0.06693109	          1.22866402	
          1.64000000	          0.33457855	         -0.94054575	          0.05857379	         -0.24586746	         -0.02712089	          0.96892396	         -0.90972874	         -0.33858256	         -0.24032366	         -1.81392143	          0.05860733	          1.22902767	
          1.65000000	          0.33444826	         -0.94107351	          0.05024952	         -0.25201922	         -0.03793241	          0.96697851	         -0.90809178	         -0.33606812	         -0.24985504	         -1.82365328	          0.05027069	          1.22932768	
          1.66000000	          0.33434970	         -0.94151625	          0.04192166	         -0.25799647	         -0.04865555	          0.96491992	         -0.90644807	         -0.33343632	         -0.25917584	         -1.83320123	          0.04193395	          1.22956903	
          1.67000000	          0.33428289	         -0.94187358	          0.03360209	         -0.26383199	         -0.05929064	          0.96274467	         -0.90479148	         -0.33069438	         -0.26831623	         -1.84259845	          0.03360842	          1.22975167	
          1.68000000	          0.33425247	         -0.94214393	          0.02530019	         -0.26955397	         -0.06984021	          0.96044938	         -0.90311458	         -0.32785234	         -0.27730290	         -1.85187452	          0.02530289	          1.22987079	
          1.69000000	          0.33426709	         -0.94232466	          0.01702203	         -0.27518302	         -0.08030882	          0.95803173	         -0.90140990	         -0.32492266	         -0.28615634	         -1.86105262	          0.01702286	          1.22991745	
          1.70000000	          0.33433840	         -0.94241229	          0.00876986	         -0.28073006	         -0.09070268	          0.95549132	         -0.89967131	         -0.32191940	         -0.29488885	         -1.87014739	          0.00876997	          1.22987954	
          1.71000000	          0.33447972	         -0.94240279	          0.00054185	         -0.28619530	         -0.10102923	          0.95283018	         -0.89789508	         -0.31885745	         -0.30350348	         -1.87916380	          0.00054185	          1.22974318	
          1.72000000	          0.33470478	         -0.94229184	         -0.00766764	         -0.29156831	         -0.11129670	          0.95005314	         -0.89608070	         -0.31575169	         -0.31199398	         -1.88809703	         -0.00766771	          1.22949396	
          1.73000000	          0.33502652	         -0.94207508	         -0.01586767	         -0.29682920	         -0.12151367	          0.94716781	         -0.89423132	         -0.31261634	         -0.32034569	         -1.89693330	         -0.01586834	          1.22911818	
          1.74000000	          0.33545621	         -0.94174825	         -0.02406998	         -0.30195049	         -0.13168876	          0.94418429	         -0.89235365	         -0.30946454	         -0.32853716	         -1.90565148	         -0.02407230	          1.22860367	
          1.75000000	          0.33600293	         -0.94130734	         -0.03228803	         -0.30689968	         -0.14183032	          0.94111463	         -0.89045753	         -0.30630809	         -0.33654233	         -1.91422539	         -0.03229364	          1.22794035	
          1.76000000	          0.33667340	         -0.94074856	         -0.04053598	         -0.31164215	         -0.15194628	          0.93797201	         -0.88855511	         -0.30315751	         -0.34433318	         -1.92262648	         -0.04054709	          1.22712038	
          1.77000000	          0.33747223	         -0.94006828	         -0.04882753	         -0.31614424	         -0.16204398	          0.93476980	         -0.88665964	         -0.30002231	         -0.35188251	         -1.93082678	         -0.04884695	          1.22613787	
          1.78000000	          0.33840241	         -0.93926293	         -0.05717476	         -0.32037612	         -0.17213019	          0.93152044	         -0.88478413	         -0.29691134	         -0.35916669	         -1.93880182	         -0.05720595	          1.22498840	
          1.79000000	          0.33946617	         -0.93832886	         -0.06558716	         -0.32431435	         -0.18221119	          0.92823450	         -0.88293993	         -0.29383336	         -0.36616805	         -1.94653328	         -0.06563427	          1.22366816	
          1.80000000	          0.34066607	         -0.93726205	         -0.07407085	         -0.32794367	         -0.19229292	          0.92491966	         -0.88113539	         -0.29079768	         -0.37287682	         -1.95401105	         -0.07413874	          1.22217280	
          1.81000000	          0.34200621	         -0.93605788	         -0.08262812	         -0.33125788	         -0.20238138	          0.92158016	         -0.87937476	         -0.28781492	         -0.37929224	         -1.96123455	         -0.08272243	          1.22049620	
          1.82000000	          0.34349344	         -0.93471083	         -0.09125740	         -0.33425986	         -0.21248294	          0.91821639	         -0.87765745	         -0.28489763	         -0.38542281	         -1.96821316	         -0.09138454	          1.21862921	
          1.83000000	          0.34513811	         -0.93321433	         -0.09995354	         -0.33696065	         -0.22260476	          0.91482493	         -0.87597786	         -0.28206053	         -0.39128589	         -1.97496578	         -0.10012073	          1.21655892	
          1.84000000	          0.34695416	         -0.93156066	         -0.10870853	         -0.33937799	         -0.23275502	          0.91139875	         -0.87432568	         -0.27932030	         -0.39690651	         -1.98151979	         -0.10892379	          1.21426844	
          1.85000000	          0.34895878	         -0.92974117	         -0.11751225	         -0.34153482	         -0.24294309	          0.90792765	         -0.87268650	         -0.27669480	         -0.40231611	         -1.98790973	         -0.11778440	          1.21173729	
          1.86000000	          0.35117152	         -0.92774642	         -0.12635326	         -0.34345783	         -0.25317945	          0.90439863	         -0.87104264	         -0.27420202	         -0.40755119	         -1.99417591	         -0.12669191	          1.20894232	
          1.87000000	          0.35361313	         -0.92556657	         -0.13521940	         -0.34517631	         -0.26347539	          0.90079633	         -0.86937395	         -0.27185888	         -0.41265201	         -2.00036320	         -0.13563489	          1.20585880	
          1.88000000	          0.35630452	         -0.92319165	         -0.14409811	         -0.34672125	         -0.27384266	          0.89710343	         -0.86765861	         -0.26968013	         -0.41766155	         -2.00651990	         -0.14460151	          1.20246161	
          1.89000000	          0.35926553	         -0.92061196	         -0.15297680	         -0.34812470	         -0.28429300	          0.89330101	         -0.86587382	         -0.26767726	         -0.42262443	         -2.01269670	         -0.15357983	          1.19872637	
          1.90000000	          0.36251385	         -0.91781844	         -0.16184258	         -0.34941901	         -0.29483720	          0.88936909	         -0.86399656	         -0.26585775	         -0.42758578	         -2.01894540	         -0.16255756	          1.19463074	
          1.91000000	          0.36606464	         -0.91480290	         -0.17068197	         -0.35063616	         -0.30548446	          0.88528725	         -0.86200404	         -0.26422509	         -0.43259004	         -2.02531769	         -0.17152175	          1.19015475	
          1.92000000	          0.36993026	         -0.91155814	         -0.17948079	         -0.35180701	         -0.31624196	          0.88103510	         -0.85987408	         -0.26277894	         -0.43768001	         -2.03186407	         -0.18045865	          1.18528116	
          1.93000000	          0.37411963	         -0.90807833	         -0.18822394	         -0.35296032	         -0.32711406	          0.87659307	         -0.85758587	         -0.26151509	         -0.44289541	         -2.03863216	         -0.18935345	          1.17999625	
          1.94000000	          0.37863768	         -0.90435930	         -0.19689530	         -0.35412167	         -0.33810162	          0.87194331	         -0.85512067	         -0.26042570	         -0.44827124	         -2.04566490	         -0.19819021	          1.17429044	
