name C:\Users\u0101727\Documents\MyRepositories\upper-imu-dc\Results\main_tracking\Case_14\ABD01_orientations_groundFrame.mot
datacolumns 13
datarows 700
range 2.810000 9.800000
endheader 
time	radius_imu_[0][0]	radius_imu_[0][1]	radius_imu_[0][2]	radius_imu_[1][0]	radius_imu_[1][1]	radius_imu_[1][2]	radius_imu_[2][0]	radius_imu_[2][1]	radius_imu_[2][2]	radius_imu_x	radius_imu_y	radius_imu_z	
          2.81000000	          0.51054002	         -0.06620831	          0.85730120	         -0.19856661	          0.96100342	          0.19246750	         -0.83661233	         -0.26849375	          0.47748394	         -0.38316461	          1.03000429	          0.12896317	
          2.82000000	          0.51581123	         -0.06499609	          0.85423315	         -0.19688556	          0.96143510	          0.19203810	         -0.83377146	         -0.26724158	          0.48312223	         -0.37834401	          1.02407403	          0.12534689	
          2.83000000	          0.52095528	         -0.06389165	          0.85118943	         -0.19547772	          0.96176382	          0.19183018	         -0.83089954	         -0.26632352	          0.48854655	         -0.37415838	          1.01824734	          0.12203383	
          2.84000000	          0.52573600	         -0.06291228	          0.84831816	         -0.19423194	          0.96203834	          0.19171905	         -0.82817608	         -0.26556409	          0.49355861	         -0.37050332	          1.01280081	          0.11909882	
          2.85000000	          0.52991566	         -0.06207004	          0.84577580	         -0.19310608	          0.96228668	          0.19161001	         -0.82577203	         -0.26486159	          0.49794467	         -0.36733622	          1.00801756	          0.11660062	
          2.86000000	          0.53330936	         -0.06137225	          0.84369104	         -0.19209169	          0.96252344	          0.19144036	         -0.82382153	         -0.26416297	          0.50153366	         -0.36464031	          1.00412217	          0.11457414	
          2.87000000	          0.53583238	         -0.06082070	          0.84213093	         -0.19118445	          0.96275586	          0.19117966	         -0.82239417	         -0.26344259	          0.50424779	         -0.36239384	          1.00122260	          0.11302321	
          2.88000000	          0.53752768	         -0.06041081	          0.84107938	         -0.19036432	          0.96298823	          0.19082739	         -0.82147758	         -0.26268651	          0.50613277	         -0.36054948	          0.99927562	          0.11191679	
          2.89000000	          0.53856961	         -0.06013105	          0.84043265	         -0.18958622	          0.96322472	          0.19040799	         -0.82097493	         -0.26188241	          0.50736354	         -0.35902407	          0.99808109	          0.11118905	
          2.90000000	          0.53924186	         -0.05996320	          0.84001347	         -0.18878128	          0.96347063	          0.18996308	         -0.82071910	         -0.26101486	          0.50822377	         -0.35769927	          0.99730804	          0.11074411	
          2.91000000	          0.53988966	         -0.05988367	          0.83960294	         -0.18786745	          0.96373227	          0.18954140	         -0.82050288	         -0.26006551	          0.50905890	         -0.35643384	          0.99655184	          0.11046680	
          2.92000000	          0.54085142	         -0.05986613	          0.83898497	         -0.18676728	          0.96401565	          0.18918722	         -0.82012055	         -0.25901712	          0.51020820	         -0.35508688	          0.99541521	          0.11023992	
          2.93000000	          0.54238546	         -0.05988473	          0.83799274	         -0.18542764	          0.96432475	          0.18892954	         -0.81941113	         -0.25785965	          0.51193143	         -0.35354619	          0.99359432	          0.10996452	
          2.94000000	          0.54461665	         -0.05991682	          0.83654210	         -0.18383448	          0.96465988	          0.18877553	         -0.81828943	         -0.25659558	          0.51435505	         -0.35175096	          0.99094131	          0.10957584	
          2.95000000	          0.54752467	         -0.05994399	          0.83463972	         -0.18201658	          0.96501720	          0.18871083	         -0.81675376	         -0.25524210	          0.51745992	         -0.34969849	          0.98747835	          0.10904750	
          2.96000000	          0.55097369	         -0.05995137	          0.83236640	         -0.18003800	          0.96538921	          0.18870608	         -0.81487073	         -0.25382967	          0.52111054	         -0.34743369	          0.98336383	          0.10838346	
          2.97000000	          0.55475978	         -0.05992658	          0.82984962	         -0.17798516	          0.96576594	          0.18872583	         -0.81275019	         -0.25239841	          0.52510205	         -0.34503132	          0.97883813	          0.10760533	
          2.98000000	          0.55865067	         -0.05985972	          0.82724014	         -0.17595501	          0.96613589	          0.18873601	         -0.81052407	         -0.25099454	          0.52919984	         -0.34258155	          0.97417766	          0.10674326	
          2.99000000	          0.56241407	         -0.05974441	          0.82469450	         -0.17404519	          0.96648694	          0.18870946	         -0.80833080	         -0.24966697	          0.53316763	         -0.34018070	          0.96966184	          0.10583162	
          3.00000000	          0.56584498	         -0.05957911	          0.82235624	         -0.17234377	          0.96680722	          0.18863038	         -0.80629838	         -0.24846353	          0.53679493	         -0.33792255	          0.96553993	          0.10490574	
          3.01000000	          0.56879558	         -0.05936754	          0.82033352	         -0.17091828	          0.96708609	          0.18849783	         -0.80452379	         -0.24742673	          0.53992729	         -0.33588802	          0.96199397	          0.10399757	
          3.02000000	          0.57119899	         -0.05911813	          0.81867989	         -0.16980743	          0.96731500	          0.18832719	         -0.80305489	         -0.24659023	          0.54249065	         -0.33413616	          0.95910839	          0.10313111	
          3.03000000	          0.57307842	         -0.05884255	          0.81738527	         -0.16901840	          0.96748784	          0.18814904	         -0.80188148	         -0.24597730	          0.54450093	         -0.33269962	          0.95685755	          0.10231944	
          3.04000000	          0.57454067	         -0.05855391	          0.81637887	         -0.16853010	          0.96760080	          0.18800610	         -0.80093734	         -0.24560156	          0.54605791	         -0.33158518	          0.95511277	          0.10156363	
          3.05000000	          0.57575897	         -0.05826473	          0.81554082	         -0.16830050	          0.96765176	          0.18794951	         -0.80011034	         -0.24546955	          0.54732819	         -0.33077814	          0.95366313	          0.10085307	
          3.06000000	          0.57695018	         -0.05798525	          0.81471848	         -0.16827583	          0.96763944	          0.18803500	         -0.79925699	         -0.24558425	          0.54852223	         -0.33024880	          0.95224353	          0.10016670	
          3.07000000	          0.57834887	         -0.05772214	          0.81374488	         -0.16840006	          0.96756256	          0.18831918	         -0.79821927	         -0.24594887	          0.54986831	         -0.32996030	          0.95056647	          0.09947563	
          3.08000000	          0.58017902	         -0.05747817	          0.81245835	         -0.16862389	          0.96741896	          0.18885585	         -0.79684270	         -0.24657009	          0.55158399	         -0.32987768	          0.94835640	          0.09874749	
          3.09000000	          0.58262536	         -0.05725281	          0.81072178	         -0.16891241	          0.96720492	          0.18969251	         -0.79499452	         -0.24746064	          0.55384740	         -0.32997738	          0.94538397	          0.09795245	
          3.10000000	          0.58581042	         -0.05704299	          0.80843815	         -0.16925050	          0.96691465	          0.19086730	         -0.79257834	         -0.24864061	          0.55677412	         -0.33025447	          0.94149368	          0.09706847	
          3.11000000	          0.58978469	         -0.05684357	          0.80555746	         -0.16964417	          0.96654037	          0.19240730	         -0.78954092	         -0.25013701	          0.56040753	         -0.33072454	          0.93661571	          0.09608342	
          3.12000000	          0.59453413	         -0.05664682	          0.80207251	         -0.17011720	          0.96607279	          0.19432836	         -0.78586851	         -0.25198117	          0.56472664	         -0.33141843	          0.93075740	          0.09499259	
          3.13000000	          0.60000207	         -0.05644148	          0.79800493	         -0.17070354	          0.96550216	          0.19663643	         -0.78157393	         -0.25420453	          0.56966854	         -0.33237165	          0.92397744	          0.09379280	
          3.14000000	          0.60611719	         -0.05621147	          0.79338655	         -0.17143788	          0.96481956	          0.19932953	         -0.77667948	         -0.25683356	          0.57515695	         -0.33361182	          0.91635242	          0.09247575	
          3.15000000	          0.61281836	         -0.05593527	          0.78824165	         -0.17234650	          0.96401822	          0.20239950	         -0.77120059	         -0.25988482	          0.58112781	         -0.33514831	          0.90794635	          0.09102322	
          3.16000000	          0.62006989	         -0.05558618	          0.78257492	         -0.17344052	          0.96309451	          0.20583331	         -0.76513510	         -0.26336124	          0.58754501	         -0.33696676	          0.89879117	          0.08940604	
          3.17000000	          0.62786423	         -0.05513418	          0.77636765	         -0.17471258	          0.96204859	          0.20961401	         -0.75846030	         -0.26725033	          0.59440326	         -0.33903024	          0.88888212	          0.08758760	
          3.18000000	          0.63621298	         -0.05454909	          0.76958264	         -0.17613744	          0.96088436	          0.21372141	         -0.75113824	         -0.27152465	          0.60171897	         -0.34128628	          0.87818729	          0.08553111	
          3.19000000	          0.64513053	         -0.05380439	          0.76217563	         -0.17767608	          0.95960895	          0.21813272	         -0.74312705	         -0.27614445	          0.60951328	         -0.34367770	          0.86666721	          0.08320822	
          3.20000000	          0.65461636	         -0.05288077	          0.75410944	         -0.17928229	          0.95823152	          0.22282328	         -0.73439450	         -0.28106223	          0.61779344	         -0.34615391	          0.85429705	          0.08060628	
          3.21000000	          0.66464173	         -0.05176814	          0.74536664	         -0.18091034	          0.95676193	          0.22776757	         -0.72492953	         -0.28622836	          0.62653851	         -0.34867991	          0.84108465	          0.07773185	
          3.22000000	          0.67514330	         -0.05046593	          0.73595837	         -0.18252228	          0.95520915	          0.23294010	         -0.71474971	         -0.29159675	          0.63569190	         -0.35124104	          0.82708115	          0.07460973	
          3.23000000	          0.68602259	         -0.04898176	          0.72592960	         -0.18409377	          0.95358012	          0.23831584	         -0.70390517	         -0.29712917	          0.64516027	         -0.35384338	          0.81238506	          0.07127868	
          3.24000000	          0.69714978	         -0.04732929	          0.71536153	         -0.18561771	          0.95187897	          0.24386984	         -0.69247978	         -0.30279757	          0.65481706	         -0.35651069	          0.79714137	          0.06778569	
          3.25000000	          0.70837150	         -0.04552622	          0.70437006	         -0.18710483	          0.95010691	          0.24957692	         -0.68058916	         -0.30858422	          0.66451048	         -0.35927916	          0.78153531	          0.06418058	
          3.26000000	          0.71952264	         -0.04359282	          0.69309944	         -0.18858125	          0.94826253	          0.25541201	         -0.66837435	         -0.31448028	          0.67407557	         -0.36219165	          0.76577996	          0.06051178	
          3.27000000	          0.73044001	         -0.04155110	          0.68171174	         -0.19008386	          0.94634216	          0.26135155	         -0.65599201	         -0.32048403	          0.68334799	         -0.36529265	          0.75009975	          0.05682379	
          3.28000000	          0.74097444	         -0.03942454	          0.67037495	         -0.19165512	          0.94434038	          0.26737533	         -0.64360329	         -0.32659908	          0.69217617	         -0.36862504	          0.73471399	          0.05315622	
          3.29000000	          0.75100004	         -0.03723816	          0.65925129	         -0.19333794	          0.94225019	          0.27346851	         -0.63136311	         -0.33283315	          0.70043038	         -0.37222860	          0.71982259	          0.04954419	
          3.30000000	          0.76042144	         -0.03501868	          0.64848510	         -0.19517069	          0.94006332	          0.27962361	         -0.61940910	         -0.33919707	          0.70800968	         -0.37613948	          0.70559267	          0.04601915	
          3.31000000	          0.76918036	         -0.03279421	          0.63818972	         -0.19718165	          0.93777049	          0.28584243	         -0.60784947	         -0.34570369	          0.71484823	         -0.38038956	          0.69214459	          0.04260947	
          3.32000000	          0.77726085	         -0.03059345	          0.62843425	         -0.19938371	          0.93536192	          0.29213732	         -0.59675096	         -0.35236646	          0.72092037	         -0.38500538	          0.67953868	          0.03934029	
          3.33000000	          0.78469163	         -0.02844410	          0.61923339	         -0.20176997	          0.93282787	          0.29853148	         -0.58612962	         -0.35919786	          0.72624305	         -0.39000672	          0.66776601	          0.03623290	
          3.34000000	          0.79154413	         -0.02637082	          0.61054277	         -0.20431178	          0.93015935	          0.30505783	         -0.57594669	         -0.36620781	          0.73087430	         -0.39540520	          0.65674574	          0.03330335	
          3.35000000	          0.79792620	         -0.02439290	          0.60226138	         -0.20695933	          0.92734870	          0.31175666	         -0.56611096	         -0.37340242	          0.73490749	         -0.40120312	          0.64633084	          0.03056085	
          3.36000000	          0.80397130	         -0.02252244	          0.59424144	         -0.20964526	          0.92438997	          0.31867231	         -0.55648810	         -0.38078329	          0.73846129	         -0.40739328	          0.63632217	          0.02800666	
          3.37000000	          0.80982361	         -0.02076413	          0.58630587	         -0.21229049	          0.92127896	          0.32584939	         -0.54691724	         -0.38834768	          0.74166543	         -0.41396068	          0.62649113	          0.02563470	
          3.38000000	          0.81561991	         -0.01911777	          0.57827215	         -0.21481175	          0.91801276	          0.33332939	         -0.53723373	         -0.39608974	          0.74464276	         -0.42088682	          0.61660923	          0.02343527	
          3.39000000	          0.82147127	         -0.01758360	          0.56997875	         -0.21712941	          0.91458876	          0.34114838	         -0.52729477	         -0.40400274	          0.74749047	         -0.42815646	          0.60647999	          0.02140174	
          3.40000000	          0.82744907	         -0.01616872	          0.56130794	         -0.21917402	          0.91100333	          0.34933605	         -0.51700172	         -0.41208191	          0.75026510	         -0.43576471	          0.59596535	          0.01953796	
          3.41000000	          0.83357897	         -0.01489182	          0.55219954	         -0.22089084	          0.90725079	          0.35791514	         -0.50631347	         -0.42032636	          0.75297571	         -0.44372101	          0.58500019	          0.01786301	
          3.42000000	          0.83984333	         -0.01378365	          0.54265383	         -0.22224218	          0.90332319	          0.36690003	         -0.49524901	         -0.42873912	          0.75558665	         -0.45204763	          0.57359339	          0.01641070	
          3.43000000	          0.84619000	         -0.01288285	          0.53272555	         -0.22320864	          0.89921125	          0.37629381	         -0.48388054	         -0.43732501	          0.75802801	         -0.46077268	          0.56181791	          0.01522337	
          3.44000000	          0.85254429	         -0.01222802	          0.52251193	         -0.22379001	          0.89490597	          0.38608462	         -0.47232009	         -0.44608719	          0.76021046	         -0.46992014	          0.54979439	          0.01434199	
          3.45000000	          0.85882117	         -0.01184846	          0.51213847	         -0.22400617	          0.89040046	          0.39624268	         -0.46070320	         -0.45502378	          0.76204063	         -0.47950023	          0.53767272	          0.01379532	
          3.46000000	          0.86493592	         -0.01175617	          0.50174460	         -0.22389726	          0.88569157	          0.40671913	         -0.44917243	         -0.46412523	          0.76343428	         -0.48950257	          0.52561444	          0.01359112	
          3.47000000	          0.87081246	         -0.01194074	          0.49147032	         -0.22352210	          0.88078121	          0.41744740	         -0.43786245	         -0.47337288	          0.76432623	         -0.49989327	          0.51377723	          0.01371133	
          3.48000000	          0.87638920	         -0.01236823	          0.48144469	         -0.22295424	          0.87567715	          0.42834675	         -0.42688800	         -0.48273860	          0.76467645	         -0.51061568	          0.50230226	          0.01411178	
          3.49000000	          0.88162243	         -0.01298356	          0.47177677	         -0.22227605	          0.87039358	          0.43932718	         -0.41633551	         -0.49218537	          0.76447257	         -0.52159384	          0.49130482	          0.01472583	
          3.50000000	          0.88648759	         -0.01371517	          0.46254908	         -0.22157159	          0.86495125	          0.45029475	         -0.40625828	         -0.50166844	          0.76372966	         -0.53273710	          0.48086819	          0.01547013	
          3.51000000	          0.89098006	         -0.01447950	          0.45381151	         -0.22091949	          0.85937715	          0.46115669	         -0.39667256	         -0.51113721	          0.76248910	         -0.54394459	          0.47103802	          0.01624978	
          3.52000000	          0.89511864	         -0.01518076	          0.44556949	         -0.22038591	          0.85370369	          0.47182631	         -0.38754700	         -0.52053776	          0.76082045	         -0.55510739	          0.46181029	          0.01695787	
          3.53000000	          0.89895690	         -0.01569839	          0.43775569	         -0.22001773	          0.84796703	          0.48222829	         -0.37877260	         -0.52981646	          0.75883189	         -0.56610547	          0.45310096	          0.01746113	
          3.54000000	          0.90260472	         -0.01585474	          0.43017828	         -0.21983657	          0.84220468	          0.49230393	         -0.37010351	         -0.53892477	          0.75669247	         -0.57679672	          0.44469025	          0.01756373	
          3.55000000	          0.90625005	         -0.01536678	          0.42246266	         -0.21983841	          0.83645266	          0.50201397	         -0.36108436	         -0.54782371	          0.75465706	         -0.58700132	          0.43616064	          0.01695483	
          3.56000000	          0.91018334	         -0.01376636	          0.41397678	         -0.22000434	          0.83074372	          0.51133450	         -0.35094782	         -0.55648483	          0.75310043	         -0.59647372	          0.42681845	          0.01512367	
          3.57000000	          0.91476650	         -0.01032765	          0.40385096	         -0.22035487	          0.82510985	          0.52022829	         -0.33859414	         -0.56487793	          0.75250710	         -0.60488124	          0.41572246	          0.01128945	
          3.58000000	          0.92035255	         -0.00392940	          0.39106999	         -0.22109478	          0.81959550	          0.52856439	         -0.32259615	         -0.57292912	          0.75344804	         -0.61175028	          0.40179388	          0.00426943	
          3.59000000	          0.92621249	          0.00541470	          0.37696301	         -0.22289546	          0.81428360	          0.53596626	         -0.30405270	         -0.58044198	          0.75540655	         -0.61707807	          0.38651522	         -0.00584600	
          3.60000000	          0.93020353	          0.01409996	          0.36677321	         -0.22607800	          0.80921967	          0.54226586	         -0.28915417	         -0.58733697	          0.75592668	         -0.62227722	          0.37553813	         -0.01515677	
          3.61000000	          0.92862948	          0.01187523	          0.37081837	         -0.22919519	          0.80432377	          0.54820876	         -0.29174792	         -0.59407260	          0.74964051	         -0.63142239	          0.37989006	         -0.01278721	
          3.62000000	          0.92906834	          0.01380611	          0.36965040	         -0.23223443	          0.79958904	          0.55382717	         -0.28792221	         -0.60038884	          0.74607911	         -0.63856580	          0.37863275	         -0.01485907	
          3.63000000	          0.92944302	          0.01562524	          0.36863468	         -0.23514344	          0.79500566	          0.55917222	         -0.28432945	         -0.60640074	          0.74258663	         -0.64542220	          0.37753983	         -0.01680982	
          3.64000000	          0.92997029	          0.01770008	          0.36720834	         -0.23787197	          0.79054774	          0.56431481	         -0.28030731	         -0.61214458	          0.73939626	         -0.65190220	          0.37600590	         -0.01903065	
          3.65000000	          0.93309457	          0.02541774	          0.35873173	         -0.24030885	          0.78618027	          0.56936126	         -0.26755593	         -0.61747431	          0.73968865	         -0.65600980	          0.36690884	         -0.02723353	
          3.66000000	          0.93403633	          0.02762461	          0.35610815	         -0.24216824	          0.78183492	          0.57453346	         -0.26254653	         -0.62287321	          0.73695203	         -0.66218233	          0.36409970	         -0.02956690	
          3.67000000	          0.93527141	          0.03008287	          0.35265055	         -0.24362154	          0.77749126	          0.57978952	         -0.25674099	         -0.62817383	          0.73449418	         -0.66822709	          0.36040213	         -0.03215377	
          3.68000000	          0.93658381	          0.03219193	          0.34896196	         -0.24461833	          0.77310067	          0.58521554	         -0.25094350	         -0.63346590	          0.73194830	         -0.67445506	          0.35646320	         -0.03435813	
          3.69000000	          0.93782855	          0.03359602	          0.34546912	         -0.24518928	          0.76861523	          0.59085771	         -0.24568236	         -0.63882856	          0.72906670	         -0.68106858	          0.35273864	         -0.03580789	
          3.70000000	          0.93898868	          0.03431893	          0.34223161	         -0.24541252	          0.76399279	          0.59673085	         -0.24098332	         -0.64431144	          0.72580287	         -0.68811175	          0.34929090	         -0.03653256	
          3.71000000	          0.94008035	          0.03450912	          0.33920210	         -0.24538461	          0.75919653	          0.60283250	         -0.23671784	         -0.64994596	          0.72217374	         -0.69557210	          0.34606858	         -0.03669221	
          3.72000000	          0.94112164	          0.03431335	          0.33632225	         -0.24518803	          0.75419601	          0.60915615	         -0.23275071	         -0.65575222	          0.71820341	         -0.70342872	          0.34300892	         -0.03644392	
          3.73000000	          0.94211988	          0.03381991	          0.33356611	         -0.24487895	          0.74896781	          0.61569596	         -0.22900750	         -0.66174272	          0.71389925	         -0.71167249	          0.34008382	         -0.03588226	
          3.74000000	          0.94311104	          0.03318058	          0.33081809	         -0.24449402	          0.74349686	          0.62244284	         -0.22530920	         -0.66791576	          0.70931256	         -0.72026096	          0.33717035	         -0.03516754	
          3.75000000	          0.94412862	          0.03250539	          0.32797036	         -0.24403802	          0.73777527	          0.62939105	         -0.22150982	         -0.67426334	          0.70448730	         -0.72915836	          0.33415429	         -0.03441539	
          3.76000000	          0.94521438	          0.03190851	          0.32488708	         -0.24349274	          0.73180186	          0.63653541	         -0.21744207	         -0.68077007	          0.69947913	         -0.73831993	          0.33089233	         -0.03374515	
          3.77000000	          0.94640009	          0.03145249	          0.32146167	         -0.24281698	          0.72558020	          0.64387366	         -0.21299479	         -0.68741844	          0.69432637	         -0.74771409	          0.32727269	         -0.03322160	
          3.78000000	          0.94770163	          0.03114017	          0.31763488	         -0.24195603	          0.71911746	          0.65140415	         -0.20813195	         -0.69419045	          0.68904333	         -0.75732597	          0.32323415	         -0.03284681	
          3.79000000	          0.94912206	          0.03094337	          0.31338448	         -0.24085724	          0.71242405	          0.65912045	         -0.20286723	         -0.70106667	          0.68363031	         -0.76714672	          0.31875496	         -0.03259055	
          3.80000000	          0.95065823	          0.03084859	          0.30870259	         -0.23948703	          0.70551410	          0.66700511	         -0.19721786	         -0.70802417	          0.67809063	         -0.77715692	          0.31382869	         -0.03243834	
          3.81000000	          0.95230380	          0.03088278	          0.30358478	         -0.23784077	          0.69840542	          0.67502714	         -0.19117854	         -0.71503575	          0.67243932	         -0.78731866	          0.30845276	         -0.03241819	
          3.82000000	          0.95404830	          0.03110916	          0.29803365	         -0.23594211	          0.69111857	          0.68314452	         -0.18472454	         -0.72207156	          0.66670046	         -0.79757975	          0.30263203	         -0.03259598	
          3.83000000	          0.95587473	          0.03160159	          0.29206992	         -0.23383421	          0.68367491	          0.69131048	         -0.17783437	         -0.72910215	          0.66089711	         -0.80788601	          0.29639041	         -0.03304835	
          3.84000000	          0.95775794	          0.03241303	          0.28574309	         -0.23156786	          0.67609427	          0.69948042	         -0.17051699	         -0.73610185	          0.65504048	         -0.81819501	          0.28978176	         -0.03382970	
          3.85000000	          0.95966557	          0.03355300	          0.27913471	         -0.22919142	          0.66839298	          0.70761721	         -0.16282900	         -0.74305116	          0.64912379	         -0.82848466	          0.28289288	         -0.03494898	
          3.86000000	          0.96156174	          0.03498281	          0.27235128	         -0.22674474	          0.66058284	          0.71569346	         -0.15487361	         -0.74993767	          0.64312336	         -0.83875430	          0.27583584	         -0.03636520	
          3.87000000	          0.96341233	          0.03662690	          0.26550925	         -0.22425712	          0.65267110	          0.72369136	         -0.14678364	         -0.75675551	          0.63700522	         -0.84901936	          0.26873209	         -0.03799959	
          3.88000000	          0.96518962	          0.03839216	          0.25871808	         -0.22174748	          0.64466106	          0.73160111	         -0.13869773	         -0.76350387	          0.63073352	         -0.85930355	          0.26169486	         -0.03975585	
          3.89000000	          0.96687489	          0.04018660	          0.25206742	         -0.21922615	          0.63655314	          0.73941868	         -0.13073959	         -0.77018513	          0.62427720	         -0.86963178	          0.25481606	         -0.04153948	
          3.90000000	          0.96845836	          0.04193303	          0.24562172	         -0.21669811	          0.62834597	          0.74714341	         -0.12300543	         -0.77680304	          0.61761372	         -0.88002514	          0.24816101	         -0.04327172	
          3.91000000	          0.96993712	          0.04357740	          0.23942219	         -0.21416807	          0.62003738	          0.75477525	         -0.11555956	         -0.78336113	          0.61073016	         -0.89049795	          0.24177069	         -0.04489788	
          3.92000000	          0.97131228	          0.04509260	          0.23349329	         -0.21164627	          0.61162539	          0.76231243	         -0.10843578	         -0.78986140	          0.60362293	         -0.90105611	          0.23566874	         -0.04639110	
          3.93000000	          0.97258626	          0.04647782	          0.22785035	         -0.20915262	          0.60310887	          0.76974988	         -0.10164227	         -0.79630365	          0.59629636	         -0.91169715	          0.22986939	         -0.04775153	
          3.94000000	          0.97376129	          0.04775283	          0.22250530	         -0.20671675	          0.59448779	          0.77707944	         -0.09516894	         -0.80268545	          0.58876051	         -0.92241204	          0.22438344	         -0.04900031	
          3.95000000	          0.97483909	          0.04894837	          0.21746908	         -0.20437353	          0.58576294	          0.78429155	         -0.08899553	         -0.80900299	          0.58102837	         -0.93318853	          0.21922074	         -0.05016961	
          3.96000000	          0.97582149	          0.05009611	          0.21275056	         -0.20215604	          0.57693571	          0.79137735	         -0.08309847	         -0.81525184	          0.57311350	         -0.94401435	          0.21438911	         -0.05129234	
          3.97000000	          0.97671128	          0.05122242	          0.20835390	         -0.20008974	          0.56800839	          0.79832986	         -0.07745438	         -0.82142725	          0.56502928	         -0.95487849	          0.20989162	         -0.05239577	
          3.98000000	          0.97751262	          0.05234782	          0.20427623	         -0.19819011	          0.55898542	          0.80514346	         -0.07203993	         -0.82752342	          0.55679012	         -0.96576979	          0.20572429	         -0.05350096	
          3.99000000	          0.97823086	          0.05349036	          0.20050725	         -0.19646412	          0.54987513	          0.81181229	         -0.06682981	         -0.83353231	          0.54841376	         -0.97667401	          0.20187565	         -0.05462632	
          4.00000000	          0.97887184	          0.05466944	          0.19703088	         -0.19491347	          0.54069107	          0.81832873	         -0.06179526	         -0.83944292	          0.53992307	         -0.98757135	          0.19832851	         -0.05579148	
          4.01000000	          0.97944126	          0.05590691	          0.19382787	         -0.19353727	          0.53145202	          0.82468301	         -0.05690474	         -0.84524148	          0.53134611	         -0.99843614	          0.19506252	         -0.05701854	
          4.02000000	          0.97994428	          0.05722514	          0.19087823	         -0.19233312	          0.52218082	          0.83086411	         -0.05212664	         -0.85091273	          0.52271439	         -1.00923879	          0.19205675	         -0.05833008	
          4.03000000	          0.98038544	          0.05864352	          0.18816305	         -0.19129698	          0.51290203	          0.83686138	         -0.04743271	         -0.85644173	          0.51406001	         -1.01994918	          0.18929145	         -0.05974562	
          4.04000000	          0.98076878	          0.06017502	          0.18566522	         -0.19042241	          0.50363946	          0.84266636	         -0.04280087	         -0.86181567	          0.50541253	         -1.03054026	          0.18674881	         -0.06127813	
          4.05000000	          0.98109810	          0.06182378	          0.18336938	         -0.18969972	          0.49441375	          0.84827417	         -0.03821683	         -0.86702530	          0.49679634	         -1.04099111	          0.18441286	         -0.06293167	
          4.06000000	          0.98137739	          0.06358388	          0.18126090	         -0.18911491	          0.48524054	          0.85368447	         -0.03367457	         -0.87206577	          0.48822875	         -1.05128907	          0.18226844	         -0.06470002	
          4.07000000	          0.98161118	          0.06543892	          0.17932440	         -0.18864849	          0.47612946	          0.85890191	         -0.02917601	         -0.87693699	          0.47971895	         -1.06143090	          0.18029967	         -0.06656631	
          4.08000000	          0.98180495	          0.06736287	          0.17754236	         -0.18827499	          0.46708393	          0.86393584	         -0.02472999	         -0.88164327	          0.47126805	         -1.07142255	          0.17848857	         -0.06850389	
          4.09000000	          0.98196503	          0.06932241	          0.17589510	         -0.18796418	          0.45810199	          0.86879919	         -0.02035065	         -0.88619240	          0.46287026	         -1.08127758	          0.17681497	         -0.07047867	
          4.10000000	          0.98209811	          0.07128080	          0.17436268	         -0.18768462	          0.44917790	          0.87350656	         -0.01605562	         -0.89059433	          0.45451507	         -1.09101424	          0.17525850	         -0.07245308	
          4.11000000	          0.98221022	          0.07320264	          0.17292905	         -0.18740950	          0.44030418	          0.87807170	         -0.01186422	         -0.89485954	          0.44619013	         -1.10065181	          0.17380275	         -0.07439095	
          4.12000000	          0.98230541	          0.07505859	          0.17158756	         -0.18712377	          0.43147395	          0.88250492	         -0.00779599	         -0.89899746	          0.43788444	         -1.11020652	          0.17244090	         -0.07626245	
          4.13000000	          0.98238451	          0.07682938	          0.17034648	         -0.18683068	          0.42268304	          0.88681077	         -0.00386944	         -0.90301511	          0.42959135	         -1.11968796	          0.17118127	         -0.07804817	
          4.14000000	          0.98244434	          0.07850853	          0.16923219	         -0.18655592	          0.41393178	          0.89098674	         -0.00010052	         -0.90691614	          0.42131117	         -1.12909624	          0.17005057	         -0.07974198	
          4.15000000	          0.98247781	          0.08010347	          0.16828783	         -0.18634675	          0.40522612	          0.89502328	          0.00349985	         -0.91070040	          0.41305269	         -1.13842077	          0.16909247	         -0.08135215	
          4.16000000	          0.98247521	          0.08163455	          0.16756568	         -0.18626446	          0.39657763	          0.89890586	          0.00692898	         -0.91436425	          0.40483330	         -1.14764116	          0.16835992	         -0.08290027	
          4.17000000	          0.98242670	          0.08313162	          0.16711348	         -0.18637013	          0.38800223	          0.90261866	          0.01019575	         -0.91790163	          0.39667700	         -1.15673063	          0.16790125	         -0.08441754	
          4.18000000	          0.98232539	          0.08462829	          0.16695771	         -0.18670655	          0.37951764	          0.90614956	          0.01332249	         -0.92130582	          0.38861047	         -1.16566154	          0.16774326	         -0.08593878	
          4.19000000	          0.98217032	          0.08615542	          0.16708893	         -0.18728140	          0.37114007	          0.90949476	          0.01634450	         -0.92457141	          0.38065807	         -1.17441180	          0.16787635	         -0.08749547	
          4.20000000	          0.98196827	          0.08773545	          0.16745389	         -0.18805732	          0.36288094	          0.91266197	          0.01930698	         -0.92769603	          0.37283686	         -1.18297034	          0.16824653	         -0.08910991	
          4.21000000	          0.98173413	          0.08937944	          0.16795660	         -0.18895124	          0.35474456	          0.91567119	          0.02226049	         -0.93068126	          0.36515320	         -1.19134038	          0.16875645	         -0.09079211	
          4.22000000	          0.98148983	          0.09108728	          0.16846611	         -0.18984157	          0.34672734	          0.91855339	          0.02525672	         -0.93353268	          0.35760151	         -1.19953978	          0.16927333	         -0.09254005	
          4.23000000	          0.98126241	          0.09285042	          0.16882794	         -0.19057967	          0.33881858	          0.92134758	          0.02834546	         -0.93625892	          0.35016534	         -1.20759880	          0.16964042	         -0.09434253	
          4.24000000	          0.98108130	          0.09465567	          0.16887800	         -0.19100441	          0.33100244	          0.92409669	          0.03157196	         -0.93887043	          0.34281995	         -1.21555606	          0.16969121	         -0.09618326	
