name C:\Users\u0101727\Documents\MyRepositories\upper-imu-dc\Results\main_tracking\Case_45\FLX01_orientations_groundFrame.mot
datacolumns 13
datarows 1000
range 0.506000 6.500000
endheader 
time	radius_imu_[0][0]	radius_imu_[0][1]	radius_imu_[0][2]	radius_imu_[1][0]	radius_imu_[1][1]	radius_imu_[1][2]	radius_imu_[2][0]	radius_imu_[2][1]	radius_imu_[2][2]	radius_imu_x	radius_imu_y	radius_imu_z	
          0.50600000	          0.68711772	         -0.01778289	          0.72632845	         -0.13467172	          0.97925918	          0.15137695	         -0.71395572	         -0.20182968	          0.67047148	         -0.22205375	          0.81296514	          0.02587464	
          0.51200000	          0.68625599	         -0.02013337	          0.72708140	         -0.13427963	          0.97892802	          0.15384703	         -0.71485782	         -0.20321067	          0.66909172	         -0.22600584	          0.81406122	          0.02932957	
          0.51800000	          0.68538048	         -0.02249589	          0.72783758	         -0.13387885	          0.97859182	          0.15631543	         -0.71577235	         -0.20457760	          0.66769600	         -0.22996996	          0.81516328	          0.03281071	
          0.52400000	          0.68448221	         -0.02487400	          0.72860510	         -0.13346728	          0.97825095	          0.15878148	         -0.71670816	         -0.20592804	          0.66627551	         -0.23394834	          0.81628319	          0.03632389	
          0.53000000	          0.68355875	         -0.02726838	          0.72938595	         -0.13304431	          0.97790562	          0.16124454	         -0.71766750	         -0.20726077	          0.66482805	         -0.23794121	          0.81742392	          0.03987065	
          0.53600000	          0.68260921	         -0.02967927	          0.73018067	         -0.13261014	          0.97755578	          0.16370476	         -0.71865097	         -0.20857574	          0.66335281	         -0.24194941	          0.81858633	          0.04345179	
          0.54200000	          0.68163226	         -0.03210732	          0.73099014	         -0.13216553	          0.97720115	          0.16616312	         -0.71965946	         -0.20987384	          0.66184835	         -0.24597531	          0.81977181	          0.04706879	
          0.54800000	          0.68062598	         -0.03455376	          0.73181576	         -0.13171159	          0.97684126	          0.16862150	         -0.72069434	         -0.21115679	          0.66031241	         -0.25002283	          0.82098251	          0.05072408	
          0.55400000	          0.67958794	         -0.03702043	          0.73265935	         -0.13124968	          0.97647544	          0.17108256	         -0.72175741	         -0.21242695	          0.65874201	         -0.25409736	          0.82222116	          0.05442102	
          0.56000000	          0.67851544	         -0.03950969	          0.73352286	         -0.13078134	          0.97610283	          0.17354971	         -0.72285063	         -0.21368726	          0.65713371	         -0.25820559	          0.82349078	          0.05816393	
          0.56600000	          0.67740578	         -0.04202445	          0.73440817	         -0.13030817	          0.97572243	          0.17602706	         -0.72397596	         -0.21494113	          0.65548388	         -0.26235540	          0.82479427	          0.06195794	
          0.57200000	          0.67625650	         -0.04456804	          0.73531683	         -0.12983180	          0.97533304	          0.17851935	         -0.72513506	         -0.21619238	          0.65378896	         -0.26655565	          0.82613406	          0.06580888	
          0.57800000	          0.67506566	         -0.04714417	          0.73624981	         -0.12935379	          0.97493335	          0.18103193	         -0.72632909	         -0.21744515	          0.65204575	         -0.27081602	          0.82751172	          0.06972322	
          0.58400000	          0.67383210	         -0.04975688	          0.73720727	         -0.12887555	          0.97452188	          0.18357070	         -0.72755852	         -0.21870382	          0.65025167	         -0.27514684	          0.82892769	          0.07370789	
          0.59000000	          0.67255559	         -0.05241048	          0.73818840	         -0.12839830	          0.97409703	          0.18614203	         -0.72882292	         -0.21997300	          0.64840499	         -0.27955889	          0.83038094	          0.07777019	
          0.59600000	          0.67123710	         -0.05510946	          0.73919125	         -0.12792298	          0.97365708	          0.18875273	         -0.73012086	         -0.22125738	          0.64650499	         -0.28406320	          0.83186875	          0.08191761	
          0.60200000	          0.66987884	         -0.05785848	          0.74021263	         -0.12745022	          0.97320021	          0.19140999	         -0.73144978	         -0.22256177	          0.64455216	         -0.28867087	          0.83338654	          0.08615774	
          0.60800000	          0.66848448	         -0.06066224	          0.74124800	         -0.12698030	          0.97272449	          0.19412128	         -0.73280591	         -0.22389096	          0.64254832	         -0.29339288	          0.83492772	          0.09049805	
          0.61400000	          0.66705910	         -0.06352548	          0.74229150	         -0.12651310	          0.97222789	          0.19689430	         -0.73418430	         -0.22524973	          0.64049666	         -0.29823991	          0.83648367	          0.09494583	
          0.62000000	          0.66560922	         -0.06645290	          0.74333598	         -0.12604813	          0.97170831	          0.19973691	         -0.73557885	         -0.22664283	          0.63840175	         -0.30322213	          0.83804376	          0.09950797	
          0.62600000	          0.66414268	         -0.06944911	          0.74437311	         -0.12558448	          0.97116356	          0.20265705	         -0.73698239	         -0.22807490	          0.63626944	         -0.30834915	          0.83959556	          0.10419089	
          0.63200000	          0.66266846	         -0.07251862	          0.74539356	         -0.12512091	          0.97059138	          0.20566267	         -0.73838694	         -0.22955049	          0.63410670	         -0.31362985	          0.84112502	          0.10900050	
          0.63800000	          0.66119641	         -0.07566584	          0.74638729	         -0.12465583	          0.96998943	          0.20876167	         -0.73978391	         -0.23107399	          0.63192134	         -0.31907236	          0.84261695	          0.11394210	
          0.64400000	          0.65973694	         -0.07889506	          0.74734379	         -0.12418736	          0.96935530	          0.21196179	         -0.74116440	         -0.23264967	          0.62972173	         -0.32468404	          0.84405536	          0.11902042	
          0.65000000	          0.65830063	         -0.08221045	          0.74825244	         -0.12371335	          0.96868653	          0.21527058	         -0.74251955	         -0.23428157	          0.62751643	         -0.33047144	          0.84542396	          0.12423964	
          0.65600000	          0.65689800	         -0.08561611	          0.74910273	         -0.12323145	          0.96798057	          0.21869527	         -0.74384073	         -0.23597350	          0.62531390	         -0.33644030	          0.84670658	          0.12960339	
          0.66200000	          0.65553906	         -0.08911602	          0.74988457	         -0.12273912	          0.96723486	          0.22224275	         -0.74511989	         -0.23772898	          0.62312221	         -0.34259562	          0.84788758	          0.13511485	
          0.66800000	          0.65423315	         -0.09271411	          0.75058849	         -0.12223366	          0.96644675	          0.22591949	         -0.74634973	         -0.23955120	          0.62094872	         -0.34894161	          0.84895224	          0.14077677	
          0.67400000	          0.65298862	         -0.09641421	          0.75120581	         -0.12171226	          0.96561358	          0.22973143	         -0.74752391	         -0.24144297	          0.61879989	         -0.35548176	          0.84988698	          0.14659153	
          0.68000000	          0.65181263	         -0.10022006	          0.75172883	         -0.12117200	          0.96473267	          0.23368401	         -0.74863719	         -0.24340668	          0.61668108	         -0.36221885	          0.85067971	          0.15256119	
          0.68600000	          0.65071101	         -0.10413533	          0.75215093	         -0.12060993	          0.96380130	          0.23778203	         -0.74968555	         -0.24544425	          0.61459636	         -0.36915501	          0.85132000	          0.15868758	
          0.69200000	          0.64968804	         -0.10816355	          0.75246668	         -0.12002308	          0.96281676	          0.24202964	         -0.75066631	         -0.24755713	          0.61254841	         -0.37629172	          0.85179927	          0.16497227	
          0.69800000	          0.64874630	         -0.11230817	          0.75267198	         -0.11940854	          0.96177633	          0.24643031	         -0.75157823	         -0.24974621	          0.61053828	         -0.38362999	          0.85211104	          0.17141678	
          0.70400000	          0.64788655	         -0.11657251	          0.75276415	         -0.11876352	          0.96067729	          0.25098678	         -0.75242159	         -0.25201188	          0.60856534	         -0.39117039	          0.85225104	          0.17802256	
          0.71000000	          0.64710758	         -0.12095974	          0.75274200	         -0.11808545	          0.95951696	          0.25570104	         -0.75319825	         -0.25435396	          0.60662711	         -0.39891318	          0.85221740	          0.18479116	
          0.71600000	          0.64640618	         -0.12547291	          0.75260587	         -0.11737202	          0.95829267	          0.26057432	         -0.75391171	         -0.25677172	          0.60471929	         -0.40685845	          0.85201064	          0.19172425	
          0.72200000	          0.64577714	         -0.13011486	          0.75235764	         -0.11662127	          0.95700176	          0.26560706	         -0.75456701	         -0.25926387	          0.60283570	         -0.41500618	          0.85163373	          0.19882371	
          0.72800000	          0.64521323	         -0.13488827	          0.75200069	         -0.11583169	          0.95564165	          0.27079894	         -0.75517078	         -0.26182857	          0.60096830	         -0.42335640	          0.85109205	          0.20609171	
          0.73400000	          0.64470537	         -0.13979560	          0.75153987	         -0.11500225	          0.95420977	          0.27614888	         -0.75573108	         -0.26446344	          0.59910736	         -0.43190925	          0.85039322	          0.21353077	
          0.74000000	          0.64424273	         -0.14483907	          0.75098132	         -0.11413246	          0.95270362	          0.28165509	         -0.75625729	         -0.26716559	          0.59724154	         -0.44066508	          0.84954695	          0.22114372	
          0.74600000	          0.64381298	         -0.15002062	          0.75033237	         -0.11322243	          0.95112078	          0.28731507	         -0.75675989	         -0.26993163	          0.59535820	         -0.44962443	          0.84856471	          0.22893376	
          0.75200000	          0.64340262	         -0.15534189	          0.74960120	         -0.11227283	          0.94945887	          0.29312569	         -0.75725021	         -0.27275769	          0.59344365	         -0.45878805	          0.84745936	          0.23690429	
          0.75800000	          0.64299725	         -0.16080415	          0.74879674	         -0.11128498	          0.94771561	          0.29908322	         -0.75774019	         -0.27563952	          0.59148345	         -0.46815687	          0.84624480	          0.24505893	
          0.76400000	          0.64258194	         -0.16640830	          0.74792829	         -0.11026074	          0.94588882	          0.30518341	         -0.75824206	         -0.27857248	          0.58946277	         -0.47773194	          0.84493549	          0.25340136	
          0.77000000	          0.64214164	         -0.17215479	          0.74700525	         -0.10920254	          0.94397638	          0.31142158	         -0.75876803	         -0.28155163	          0.58736680	         -0.48751431	          0.84354599	          0.26193518	
          0.77600000	          0.64166154	         -0.17804364	          0.74603681	         -0.10811328	          0.94197630	          0.31779266	         -0.75932996	         -0.28457182	          0.58518108	         -0.49750496	          0.84209048	          0.27066372	
          0.78200000	          0.64112758	         -0.18407432	          0.74503159	         -0.10699631	          0.93988666	          0.32429132	         -0.75993896	         -0.28762774	          0.58289198	         -0.50770455	          0.84058220	          0.27958982	
          0.78800000	          0.64052665	         -0.19024580	          0.74399741	         -0.10585529	          0.93770565	          0.33091204	         -0.76060520	         -0.29071404	          0.58048693	         -0.51811337	          0.83903311	          0.28871570	
          0.79400000	          0.63984698	         -0.19655658	          0.74294102	         -0.10469412	          0.93543154	          0.33764920	         -0.76133763	         -0.29382537	          0.57795472	         -0.52873122	          0.83745351	          0.29804283	
          0.80000000	          0.63907833	         -0.20300464	          0.74186791	         -0.10351683	          0.93306267	          0.34449719	         -0.76214379	         -0.29695650	          0.57528574	         -0.53955726	          0.83585174	          0.30757178	
          0.80600000	          0.63821220	         -0.20958755	          0.74078218	         -0.10232744	          0.93059747	          0.35145048	         -0.76302967	         -0.30010233	          0.57247211	         -0.55058995	          0.83423402	          0.31730210	
          0.81200000	          0.63724196	         -0.21630247	          0.73968637	         -0.10112982	          0.92803440	          0.35850370	         -0.76399963	         -0.30325795	          0.56950784	         -0.56182686	          0.83260418	          0.32723231	
          0.81800000	          0.63616292	         -0.22314625	          0.73858141	         -0.09992758	          0.92537200	          0.36565165	         -0.76505635	         -0.30641868	          0.56638889	         -0.57326462	          0.83096370	          0.33735976	
          0.82400000	          0.63497232	         -0.23011547	          0.73746662	         -0.09872387	          0.92260885	          0.37288941	         -0.76620085	         -0.30958002	          0.56311319	         -0.58489881	          0.82931162	          0.34768069	
          0.83000000	          0.63366941	         -0.23720652	          0.73633970	         -0.09752125	          0.91974356	          0.38021230	         -0.76743253	         -0.31273767	          0.55968068	         -0.59672377	          0.82764456	          0.35819014	
          0.83600000	          0.63225538	         -0.24441564	          0.73519666	         -0.09632152	          0.91677483	          0.38761589	         -0.76874918	         -0.31588749	          0.55609333	         -0.60873250	          0.82595676	          0.36888189	
          0.84200000	          0.63073337	         -0.25173896	          0.73403196	         -0.09512554	          0.91370141	          0.39509601	         -0.77014710	         -0.31902542	          0.55235517	         -0.62091642	          0.82424013	          0.37974843	
          0.84800000	          0.62910845	         -0.25917252	          0.73283843	         -0.09393311	          0.91052216	          0.40264869	         -0.77162111	         -0.32214749	          0.54847230	         -0.63326519	          0.82248432	          0.39078082	
          0.85400000	          0.62738759	         -0.26671230	          0.73160739	         -0.09274278	          0.90723601	          0.41027015	         -0.77316466	         -0.32524970	          0.54445297	         -0.64576645	          0.82067679	          0.40196863	
          0.86000000	          0.62557959	         -0.27435418	          0.73032866	         -0.09155178	          0.90384205	          0.41795672	         -0.77476993	         -0.32832808	          0.54030753	         -0.65840565	          0.81880297	          0.41329979	
          0.86600000	          0.62369506	         -0.28209395	          0.72899072	         -0.09035589	          0.90033951	          0.42570481	         -0.77642790	         -0.33137859	          0.53604845	         -0.67116588	          0.81684637	          0.42476054	
          0.87200000	          0.62174626	         -0.28992732	          0.72758074	         -0.08914936	          0.89672778	          0.43351088	         -0.77812851	         -0.33439712	          0.53169031	         -0.68402768	          0.81478882	          0.43633533	
          0.87800000	          0.61974701	         -0.29784987	          0.72608477	         -0.08792488	          0.89300645	          0.44137137	         -0.77986079	         -0.33737950	          0.52724967	         -0.69696902	          0.81261069	          0.44800679	
          0.88400000	          0.61771251	         -0.30585703	          0.72448791	         -0.08667359	          0.88917531	          0.44928271	         -0.78161304	         -0.34032152	          0.52274499	         -0.70996524	          0.81029117	          0.45975578	
          0.89000000	          0.61565916	         -0.31394412	          0.72277443	         -0.08538514	          0.88523435	          0.45724122	         -0.78337295	         -0.34321894	          0.51819647	         -0.72298916	          0.80780855	          0.47156137	
          0.89600000	          0.61360433	         -0.32210629	          0.72092805	         -0.08404768	          0.88118374	          0.46524316	         -0.78512783	         -0.34606755	          0.51362588	         -0.73601119	          0.80514055	          0.48340102	
          0.90200000	          0.61156618	         -0.33033850	          0.71893204	         -0.08264807	          0.87702389	          0.47328468	         -0.78686473	         -0.34886325	          0.50905632	         -0.74899956	          0.80226464	          0.49525068	
          0.90800000	          0.60956333	         -0.33863556	          0.71676949	         -0.08117200	          0.87275535	          0.48136183	         -0.78857064	         -0.35160213	          0.50451193	         -0.76192067	          0.79915840	          0.50708505	
          0.91400000	          0.60761460	         -0.34699215	          0.71442351	         -0.07960417	          0.86837880	          0.48947057	         -0.79023267	         -0.35428056	          0.50001761	         -0.77473948	          0.79579986	          0.51887785	
          0.92000000	          0.60573874	         -0.35540275	          0.71187742	         -0.07792857	          0.86389504	          0.49760677	         -0.79183819	         -0.35689528	          0.49559867	         -0.78742000	          0.79216784	          0.53060212	
          0.92600000	          0.60395410	         -0.36386174	          0.70911500	         -0.07612870	          0.85930492	          0.50576623	         -0.79337498	         -0.35944359	          0.49128041	         -0.79992587	          0.78824226	          0.54223067	
          0.93200000	          0.60227833	         -0.37236336	          0.70612062	         -0.07418797	          0.85460924	          0.51394474	         -0.79483140	         -0.36192343	          0.48708775	         -0.81222102	          0.78400450	          0.55373640	
          0.93800000	          0.60072791	         -0.38090185	          0.70287962	         -0.07208999	          0.84980874	          0.52213805	         -0.79619659	         -0.36433348	          0.48304462	         -0.82427044	          0.77943778	          0.56509297	
          0.94400000	          0.59931766	         -0.38947148	          0.69937852	         -0.06981900	          0.84490398	          0.53034194	         -0.79746075	         -0.36667320	          0.47917337	         -0.83604110	          0.77452762	          0.57627551	
          0.95000000	          0.59806015	         -0.39806673	          0.69560545	         -0.06736027	          0.83989529	          0.53855222	         -0.79861546	         -0.36894279	          0.47549402	         -0.84750293	          0.76926230	          0.58726134	
          0.95600000	          0.59696512	         -0.40668241	          0.69155047	         -0.06470051	          0.83478272	          0.54676471	         -0.79965398	         -0.37114313	          0.47202361	         -0.85862971	          0.76363335	          0.59803083	
          0.96200000	          0.59603873	         -0.41531391	          0.68720608	         -0.06182832	          0.82956599	          0.55497525	         -0.80057173	         -0.37327554	          0.46877529	         -0.86940018	          0.75763610	          0.60856844	
          0.96800000	          0.59528308	         -0.42395720	          0.68256747	         -0.05873460	          0.82424447	          0.56317963	         -0.80136652	         -0.37534163	          0.46575783	         -0.87979869	          0.75127002	          0.61886325	
          0.97400000	          0.59469571	         -0.43260908	          0.67763294	         -0.05541285	          0.81881723	          0.57137357	         -0.80203892	         -0.37734299	          0.46297499	         -0.88981590	          0.74453910	          0.62890968	
          0.98000000	          0.59426926	         -0.44126715	          0.67240415	         -0.05185957	          0.81328302	          0.57955268	         -0.80259244	         -0.37928094	          0.46042517	         -0.89944919	          0.73745206	          0.63870791	
          0.98600000	          0.59399140	         -0.44992987	          0.66688630	         -0.04807445	          0.80764039	          0.58771239	         -0.80303367	         -0.38115630	          0.45810131	         -0.90870267	          0.73002236	          0.64826394	
          0.99200000	          0.59384476	         -0.45859651	          0.66108823	         -0.04406057	          0.80188772	          0.59584792	         -0.80337231	         -0.38296909	          0.45599079	         -0.91758721	          0.72226821	          0.65758959	
          0.99800000	          0.59380765	         -0.46726692	          0.65502222	         -0.03982450	          0.79602337	          0.60395430	         -0.80362086	         -0.38471862	          0.45407609	         -0.92611962	          0.71421202	          0.66670161	
          1.00400000	          0.59385470	         -0.47594128	          0.64870370	         -0.03537626	          0.79004575	          0.61202634	         -0.80379420	         -0.38640343	          0.45233536	         -0.93432186	          0.70587987	          0.67562081	
          1.01000000	          0.59395780	         -0.48461984	          0.64215088	         -0.03072926	          0.78395339	          0.62005871	         -0.80390910	         -0.38802153	          0.45074322	         -0.94222008	          0.69730079	          0.68437092	
          1.01600000	          0.59408705	         -0.49330258	          0.63538424	         -0.02590011	          0.77774505	          0.62804604	         -0.80398368	         -0.38957054	          0.44927167	         -0.94984359	          0.68850602	          0.69297743	
          1.02200000	          0.59421178	         -0.50198905	          0.62842609	         -0.02090843	          0.77141977	          0.63598300	         -0.80403682	         -0.39104799	          0.44789091	         -0.95722383	          0.67952820	          0.70146640	
          1.02800000	          0.59430128	         -0.51067819	          0.62130007	         -0.01577653	          0.76497690	          0.64386446	         -0.80408773	         -0.39245143	          0.44657003	         -0.96439365	          0.67040077	          0.70986373	
          1.03400000	          0.59432558	         -0.51936824	          0.61403073	         -0.01052910	          0.75841615	          0.65168557	         -0.80415561	         -0.39377860	          0.44527764	         -0.97138656	          0.66115734	          0.71819436	
          1.04000000	          0.59425595	         -0.52805676	          0.60664317	         -0.00519286	          0.75173753	          0.65944197	         -0.80425923	         -0.39502753	          0.44398238	         -0.97823623	          0.65183119	          0.72648181	
          1.04600000	          0.59406534	         -0.53674064	          0.59916263	          0.00020385	          0.74494146	          0.66712981	         -0.80441676	         -0.39619656	          0.44265331	         -0.98497604	          0.64245481	          0.73474785	
          1.05200000	          0.59372887	         -0.54541612	          0.59161413	          0.00563141	          0.73802865	          0.67474587	         -0.80464546	         -0.39728448	          0.44126038	         -0.99163860	          0.63305947	          0.74301215	
          1.05800000	          0.59322393	         -0.55407893	          0.58402218	          0.01105941	          0.73100020	          0.68228762	         -0.80496152	         -0.39829041	          0.43977460	         -0.99825561	          0.62367493	          0.75129224	
          1.06400000	          0.59253043	         -0.56272434	          0.57641045	          0.01645699	          0.72385749	          0.68975322	         -0.80537995	         -0.39921379	          0.43816834	         -1.00485747	          0.61432914	          0.75960344	
          1.07000000	          0.59163090	         -0.57134727	          0.56880152	          0.02179330	          0.71660225	          0.69714150	         -0.80591434	         -0.40005439	          0.43641558	         -1.01147308	          0.60504796	          0.76795882	
          1.07600000	          0.59051060	         -0.57994236	          0.56121662	          0.02703789	          0.70923651	          0.70445194	         -0.80657683	         -0.40081222	          0.43449210	         -1.01812963	          0.59585500	          0.77636922	
          1.08200000	          0.58915758	         -0.58850403	          0.55367531	          0.03216110	          0.70176261	          0.71168456	         -0.80737786	         -0.40148755	          0.43237570	         -1.02485231	          0.58677135	          0.78484320	
          1.08800000	          0.58756265	         -0.59702656	          0.54619540	          0.03713438	          0.69418319	          0.71883986	         -0.80832615	         -0.40208082	          0.43004633	         -1.03166419	          0.57781553	          0.79338718	
          1.09400000	          0.58571936	         -0.60550411	          0.53879273	          0.04193062	          0.68650119	          0.72591869	         -0.80942860	         -0.40259271	          0.42748620	         -1.03858606	          0.56900339	          0.80200540	
          1.10000000	          0.58362396	         -0.61393073	          0.53148107	          0.04652434	          0.67871984	          0.73292214	         -0.81069017	         -0.40302412	          0.42467988	         -1.04563629	          0.56034807	          0.81069997	
          1.10600000	          0.58127536	         -0.62230041	          0.52427202	          0.05089193	          0.67084263	          0.73985145	         -0.81211389	         -0.40337621	          0.42161436	         -1.05283081	          0.55186000	          0.81947094	
          1.11200000	          0.57867504	         -0.63060703	          0.51717499	          0.05501179	          0.66287333	          0.74670787	         -0.81370075	         -0.40365048	          0.41827907	         -1.06018296	          0.54354694	          0.82831628	
          1.11800000	          0.57582686	         -0.63884444	          0.51019722	          0.05886438	          0.65481593	          0.75349259	         -0.81544982	         -0.40384883	          0.41466579	         -1.06770365	          0.53541409	          0.83723205	
          1.12400000	          0.57273693	         -0.64700647	          0.50334385	          0.06243232	          0.64667459	          0.76020667	         -0.81735831	         -0.40397351	          0.41076854	         -1.07540143	          0.52746424	          0.84621256	
          1.13000000	          0.56941337	         -0.65508699	          0.49661801	          0.06570034	          0.63845363	          0.76685098	         -0.81942168	         -0.40402723	          0.40658347	         -1.08328256	          0.51969798	          0.85525052	
          1.13600000	          0.56586603	         -0.66307998	          0.49002099	          0.06865534	          0.63015744	          0.77342617	         -0.82163379	         -0.40401304	          0.40210867	         -1.09135127	          0.51211383	          0.86433731	
          1.14200000	          0.56210630	         -0.67097962	          0.48355234	          0.07128631	          0.62179046	          0.77993262	         -0.82398712	         -0.40393438	          0.39734399	         -1.09960988	          0.50470854	          0.87346317	
          1.14800000	          0.55814672	         -0.67878036	          0.47721008	          0.07358429	          0.61335707	          0.78637043	         -0.82647298	         -0.40379491	          0.39229081	         -1.10805904	          0.49747724	          0.88261758	
          1.15400000	          0.55400073	         -0.68647706	          0.47099091	          0.07554237	          0.60486158	          0.79273944	         -0.82908174	         -0.40359846	          0.38695187	         -1.11669792	          0.49041375	          0.89178951	
          1.16000000	          0.54968232	         -0.69406506	          0.46489035	          0.07715556	          0.59630815	          0.79903918	         -0.83180308	         -0.40334883	          0.38133103	         -1.12552442	          0.48351076	          0.90096774	
          1.16600000	          0.54520575	         -0.70154029	          0.45890294	          0.07842080	          0.58770073	          0.80526891	         -0.83462619	         -0.40304971	          0.37543317	         -1.13453531	          0.47676006	          0.91014113	
          1.17200000	          0.54058533	         -0.70889928	          0.45302241	          0.07933684	          0.57904309	          0.81142761	         -0.83753995	         -0.40270450	          0.36926403	         -1.14372637	          0.47015269	          0.91929883	
          1.17800000	          0.53583520	         -0.71613923	          0.44724182	          0.07990423	          0.57033871	          0.81751396	         -0.84053314	         -0.40231624	          0.36283011	         -1.15309247	          0.46367916	          0.92843046	
          1.18400000	          0.53096917	         -0.72325797	          0.44155367	          0.08012518	          0.56159088	          0.82352634	         -0.84359451	         -0.40188753	          0.35613862	         -1.16262766	          0.45732956	          0.93752621	
          1.19000000	          0.52600061	         -0.73025397	          0.43595010	          0.08000350	          0.55280264	          0.82946289	         -0.84671294	         -0.40142045	          0.34919740	         -1.17232522	          0.45109371	          0.94657693	
          1.19600000	          0.52094233	         -0.73712629	          0.43042295	          0.07954446	          0.54397680	          0.83532145	         -0.84987750	         -0.40091654	          0.34201485	         -1.18217774	          0.44496130	          0.95557412	
          1.20200000	          0.51580656	         -0.74387451	          0.42496389	          0.07875470	          0.53511600	          0.84109961	         -0.85307754	         -0.40037679	          0.33459995	         -1.19217713	          0.43892200	          0.96451004	
          1.20800000	          0.51060491	         -0.75049864	          0.41956455	          0.07764205	          0.52622276	          0.84679474	         -0.85630271	         -0.39980170	          0.32696217	         -1.20231470	          0.43296555	          0.97337750	
          1.21400000	          0.50534846	         -0.75699905	          0.41421657	          0.07621541	          0.51729944	          0.85240396	         -0.85954299	         -0.39919134	          0.31911147	         -1.21258119	          0.42708189	          0.98216988	
          1.22000000	          0.50004776	         -0.76337635	          0.40891172	          0.07448459	          0.50834837	          0.85792423	         -0.86278867	         -0.39854546	          0.31105824	         -1.22296680	          0.42126120	          0.99088097	
          1.22600000	          0.49471290	         -0.76963128	          0.40364197	          0.07246011	          0.49937186	          0.86335235	         -0.86603042	         -0.39786360	          0.30281327	         -1.23346132	          0.41549403	          0.99950488	
          1.23200000	          0.48935359	         -0.77576467	          0.39839960	          0.07015308	          0.49037219	          0.86868502	         -0.86925923	         -0.39714518	          0.29438767	         -1.24405416	          0.40977133	          1.00803595	
          1.23800000	          0.48397923	         -0.78177733	          0.39317720	          0.06757499	          0.48135172	          0.87391884	         -0.87246646	         -0.39638962	          0.28579283	         -1.25473447	          0.40408455	          1.01646864	
          1.24400000	          0.47859887	         -0.78767003	          0.38796785	          0.06473765	          0.47231283	          0.87905041	         -0.87564386	         -0.39559641	          0.27704029	         -1.26549123	          0.39842572	          1.02479753	
          1.25000000	          0.47322129	         -0.79344345	          0.38276507	          0.06165298	          0.46325801	          0.88407631	         -0.87878354	         -0.39476513	          0.26814171	         -1.27631335	          0.39278744	          1.03301729	
          1.25600000	          0.46785498	         -0.79909821	          0.37756294	          0.05833301	          0.45418982	          0.88899318	         -0.88187810	         -0.39389550	          0.25910877	         -1.28718977	          0.38716302	          1.04112269	
          1.26200000	          0.46250806	         -0.80463483	          0.37235613	          0.05478974	          0.44511093	          0.89379771	         -0.88492055	         -0.39298735	          0.24995313	         -1.29810951	          0.38154642	          1.04910866	
          1.26800000	          0.45718832	         -0.81005379	          0.36713989	          0.05103518	          0.43602413	          0.89848671	         -0.88790441	         -0.39204058	          0.24068638	         -1.30906175	          0.37593231	          1.05697037	
          1.27400000	          0.45190312	         -0.81535554	          0.36191009	          0.04708127	          0.42693234	          0.90305710	         -0.89082373	         -0.39105513	          0.23132003	         -1.32003582	          0.37031606	          1.06470323	
          1.28000000	          0.44665936	         -0.82054054	          0.35666320	          0.04293999	          0.41783861	          0.90750595	         -0.89367308	         -0.39003091	          0.22186553	         -1.33102125	          0.36469374	          1.07230305	
          1.28600000	          0.44146345	         -0.82560927	          0.35139629	          0.03862331	          0.40874616	          0.91183047	         -0.89644758	         -0.38896774	          0.21233426	         -1.34200770	          0.35906208	          1.07976601	
          1.29200000	          0.43632128	         -0.83056227	          0.34610701	          0.03414328	          0.39965838	          0.91602806	         -0.89914291	         -0.38786531	          0.20273758	         -1.35298497	          0.35341846	          1.08708877	
          1.29800000	          0.43123817	         -0.83540013	          0.34079358	          0.02951203	          0.39057886	          0.92009630	         -0.90175533	         -0.38672313	          0.19308687	         -1.36394295	          0.34776088	          1.09426850	
          1.30400000	          0.42621891	         -0.84012353	          0.33545475	          0.02474184	          0.38151138	          0.92403296	         -0.90428164	         -0.38554055	          0.18339357	         -1.37487158	          0.34208791	          1.10130284	
          1.31000000	          0.42126773	         -0.84473322	          0.33008982	          0.01984512	          0.37246001	          0.92783604	         -0.90671918	         -0.38431671	          0.17366921	         -1.38576079	          0.33639873	          1.10818995	
          1.31600000	          0.41638837	         -0.84922998	          0.32469857	          0.01483445	          0.36342904	          0.93150377	         -0.90906582	         -0.38305061	          0.16392549	         -1.39660051	          0.33069301	          1.11492843	
          1.32200000	          0.41158412	         -0.85361464	          0.31928130	          0.00972256	          0.35442307	          0.93503463	         -0.91131991	         -0.38174118	          0.15417423	         -1.40738058	          0.32497100	          1.12151728	
          1.32800000	          0.40685785	         -0.85788804	          0.31383879	          0.00452231	          0.34544700	          0.93842737	         -0.91348029	         -0.38038727	          0.14442746	         -1.41809077	          0.31923341	          1.12795587	
          1.33400000	          0.40221212	         -0.86205100	          0.30837232	         -0.00075332	          0.33650604	          0.94168101	         -0.91554620	         -0.37898781	          0.13469741	         -1.42872074	          0.31348149	          1.13424380	
          1.34000000	          0.39764921	         -0.86610427	          0.30288365	         -0.00609128	          0.32760574	          0.94479489	         -0.91751730	         -0.37754189	          0.12499648	         -1.43926010	          0.30771698	          1.14038088	
          1.34600000	          0.39317129	         -0.87004852	          0.29737502	         -0.01147854	          0.31875198	          0.94776865	         -0.91939359	         -0.37604886	          0.11533724	         -1.44969832	          0.30194211	          1.14636695	
          1.35200000	          0.38878046	         -0.87388431	          0.29184920	         -0.01690209	          0.30995100	          0.95060228	         -0.92117537	         -0.37450846	          0.10573242	         -1.46002486	          0.29615964	          1.15220184	
          1.35800000	          0.38447891	         -0.87761201	          0.28630948	         -0.02234906	          0.30120938	          0.95329609	         -0.92286320	         -0.37292099	          0.09619485	         -1.47022911	          0.29037285	          1.15788518	
          1.36400000	          0.38026903	         -0.88123178	          0.28075973	         -0.02780676	          0.29253409	          0.95585072	         -0.92445782	         -0.37128744	          0.08673745	         -1.48030046	          0.28458558	          1.16341627	
