name C:\Users\u0101727\Documents\MyRepositories\upper-imu-dc\Results\main_tracking\Case_48\ABD01_orientations_groundFrame.mot
datacolumns 13
datarows 700
range 2.810000 9.800000
endheader 
time	radius_imu_[0][0]	radius_imu_[0][1]	radius_imu_[0][2]	radius_imu_[1][0]	radius_imu_[1][1]	radius_imu_[1][2]	radius_imu_[2][0]	radius_imu_[2][1]	radius_imu_[2][2]	radius_imu_x	radius_imu_y	radius_imu_z	
          2.81000000	          0.54171868	         -0.03120339	          0.83998049	         -0.20814416	          0.96320830	          0.17001697	         -0.81438129	         -0.26693840	          0.51529312	         -0.31869548	          0.99724727	          0.05753715	
          2.82000000	          0.54323663	         -0.03067749	          0.83901898	         -0.20718927	          0.96352669	          0.16937803	         -0.81361328	         -0.26584808	          0.51706695	         -0.31655882	          0.99547771	          0.05641177	
          2.83000000	          0.54475451	         -0.03016603	          0.83805282	         -0.20621829	          0.96384674	          0.16874089	         -0.81284472	         -0.26474418	          0.51883907	         -0.31443792	          0.99370443	          0.05531897	
          2.84000000	          0.54627107	         -0.02967586	          0.83708259	         -0.20520913	          0.96417427	          0.16809872	         -0.81208197	         -0.26360446	          0.52061076	         -0.31232006	          0.99192853	          0.05427107	
          2.85000000	          0.54778991	         -0.02921113	          0.83610581	         -0.20415358	          0.96451080	          0.16745216	         -0.81132455	         -0.26242260	          0.52238573	         -0.31020423	          0.99014551	          0.05327497	
          2.86000000	          0.54931520	         -0.02877437	          0.83511966	         -0.20305027	          0.96485587	          0.16680450	         -0.81056980	         -0.26119952	          0.52416735	         -0.30809432	          0.98835029	          0.05233442	
          2.87000000	          0.55084937	         -0.02836697	          0.83412246	         -0.20190161	          0.96520814	          0.16615954	         -0.80981523	         -0.25993955	          0.52595696	         -0.30599620	          0.98653991	          0.05145133	
          2.88000000	          0.55239243	         -0.02798970	          0.83311415	         -0.20071233	          0.96556583	          0.16552098	         -0.80905943	         -0.25864882	          0.52775337	         -0.30391691	          0.98471438	          0.05062666	
          2.89000000	          0.55394217	         -0.02764285	          0.83209612	         -0.19948885	          0.96592687	          0.16489232	         -0.80830209	         -0.25733471	          0.52955318	         -0.30186427	          0.98287634	          0.04986069	
          2.90000000	          0.55549531	         -0.02732618	          0.83107054	         -0.19823894	          0.96628898	          0.16427701	         -0.80754337	         -0.25600565	          0.53135188	         -0.29984647	          0.98102978	          0.04915284	
          2.91000000	          0.55704895	         -0.02703883	          0.83003938	         -0.19697144	          0.96664963	          0.16367875	         -0.80678294	         -0.25467113	          0.53314529	         -0.29787177	          0.97917828	          0.04850134	
          2.92000000	          0.55860232	         -0.02677930	          0.82900320	         -0.19569601	          0.96700613	          0.16310189	         -0.80601893	         -0.25334171	          0.53493127	         -0.29594842	          0.97732292	          0.04790315	
          2.93000000	          0.56015850	         -0.02654550	          0.82796002	         -0.19442269	          0.96735552	          0.16255188	         -0.80524672	         -0.25202904	          0.53671136	         -0.29408452	          0.97546015	          0.04735384	
          2.94000000	          0.56172601	         -0.02633485	          0.82690408	         -0.19316166	          0.96769468	          0.16203575	         -0.80445787	         -0.25074586	          0.53849239	         -0.29228805	          0.97357980	          0.04684771	
          2.95000000	          0.56332013	         -0.02614430	          0.82582498	         -0.19192281	          0.96802028	          0.16156231	         -0.80363926	         -0.24950595	          0.54028762	         -0.29056683	          0.97166357	          0.04637781	
          2.96000000	          0.56496345	         -0.02597049	          0.82470712	         -0.19071551	          0.96832883	          0.16114237	         -0.80277263	         -0.24832399	          0.54211742	         -0.28892851	          0.96968415	          0.04593610	
          2.97000000	          0.56668560	         -0.02580977	          0.82352978	         -0.18954861	          0.96861671	          0.16078864	         -0.80183462	         -0.24721553	          0.54400893	         -0.28738074	          0.96760556	          0.04551367	
          2.98000000	          0.56852190	         -0.02565836	          0.82226790	         -0.18843047	          0.96888015	          0.16051547	         -0.80079761	         -0.24619688	          0.54599477	         -0.28593138	          0.96538468	          0.04510110	
          2.99000000	          0.57051098	         -0.02551249	          0.82089362	         -0.18736936	          0.96911522	          0.16033845	         -0.79963113	         -0.24528516	          0.54811062	         -0.28458899	          0.96297404	          0.04468888	
          3.00000000	          0.57269165	         -0.02536850	          0.81937825	         -0.18637390	          0.96931783	          0.16027386	         -0.79830386	         -0.24449822	          0.55039220	         -0.28336339	          0.96032558	          0.04426802	
          3.01000000	          0.57509956	         -0.02522304	          0.81769450	         -0.18545357	          0.96948371	          0.16033811	         -0.79678571	         -0.24385474	          0.55287195	         -0.28226617	          0.95739453	          0.04383047	
          3.02000000	          0.57776443	         -0.02507311	          0.81581837	         -0.18461912	          0.96960834	          0.16054733	         -0.79504971	         -0.24337421	          0.55557623	         -0.28131116	          0.95414289	          0.04336956	
          3.03000000	          0.58070809	         -0.02491611	          0.81373048	         -0.18388276	          0.96968699	          0.16091696	         -0.79307329	         -0.24307679	          0.55852344	         -0.28051443	          0.95054170	          0.04288013	
          3.04000000	          0.58394379	         -0.02474976	          0.81141673	         -0.18325806	          0.96971473	          0.16146156	         -0.79083888	         -0.24298313	          0.56172330	         -0.27989409	          0.94657201	          0.04235845	
          3.05000000	          0.58747651	         -0.02457196	          0.80886808	         -0.18275965	          0.96968644	          0.16219468	         -0.78833385	         -0.24311401	          0.56517724	         -0.27946964	          0.94222449	          0.04180192	
          3.06000000	          0.59130436	         -0.02438067	          0.80607986	         -0.18240264	          0.96959695	          0.16312888	         -0.78554976	         -0.24348991	          0.56887981	         -0.27926115	          0.93749788	          0.04120868	
          3.07000000	          0.59542071	         -0.02417372	          0.80305032	         -0.18220182	          0.96944106	          0.16427580	         -0.78248110	         -0.24413044	          0.57282078	         -0.27928830	          0.93239645	          0.04057711	
          3.08000000	          0.59981668	         -0.02394864	          0.79977897	         -0.18217086	          0.96921363	          0.16564636	         -0.77912369	         -0.24505388	          0.57698776	         -0.27956939	          0.92692693	          0.03990541	
          3.09000000	          0.60448378	         -0.02370258	          0.79626475	         -0.18232141	          0.96890972	          0.16725091	         -0.77547293	         -0.24627657	          0.58136872	         -0.28012044	          0.92109538	          0.03919121	
          3.10000000	          0.60941603	         -0.02343224	          0.79250428	         -0.18266225	          0.96852460	          0.16909940	         -0.77152227	         -0.24781250	          0.58595422	         -0.28095454	          0.91490439	          0.03843138	
          3.11000000	          0.61461130	         -0.02313386	          0.78849082	         -0.18319871	          0.96805386	          0.17120152	         -0.76726214	         -0.24967289	          0.59073874	         -0.28208141	          0.90835136	          0.03762207	
          3.12000000	          0.62007161	         -0.02280345	          0.78421374	         -0.18393226	          0.96749343	          0.17356665	         -0.76267956	         -0.25186596	          0.59572093	         -0.28350745	          0.90142796	          0.03675894	
          3.13000000	          0.62580229	         -0.02243692	          0.77965895	         -0.18486043	          0.96683959	          0.17620394	         -0.75775861	         -0.25439692	          0.60090273	         -0.28523617	          0.89412100	          0.03583770	
          3.14000000	          0.63181015	         -0.02203054	          0.77481003	         -0.18597708	          0.96608890	          0.17912219	         -0.75248153	         -0.25726813	          0.60628760	         -0.28726896	          0.88641455	          0.03485480	
          3.15000000	          0.63810120	         -0.02158131	          0.76964999	         -0.18727279	          0.96523819	          0.18232976	         -0.74683048	         -0.26047934	          0.61187805	         -0.28960606	          0.87829276	          0.03380825	
          3.16000000	          0.64467811	         -0.02108744	          0.76416324	         -0.18873538	          0.96428446	          0.18583445	         -0.74078950	         -0.26402804	          0.61767314	         -0.29224755	          0.86974307	          0.03269837	
          3.17000000	          0.65153811	         -0.02054879	          0.75833755	         -0.19035044	          0.96322485	          0.18964335	         -0.73434652	         -0.26790976	          0.62366622	         -0.29519413	          0.86075901	          0.03152845	
          3.18000000	          0.65867148	         -0.01996729	          0.75216567	         -0.19210186	          0.96205659	          0.19376274	         -0.72749485	         -0.27211841	          0.62984348	         -0.29844780	          0.85134236	          0.03030521	
          3.19000000	          0.66606102	         -0.01934716	          0.74564630	         -0.19397225	          0.96077692	          0.19819807	         -0.72023433	         -0.27664670	          0.63618324	         -0.30201225	          0.84150424	          0.02903896	
          3.20000000	          0.67368226	         -0.01869502	          0.73878462	         -0.19594347	          0.95938304	          0.20295403	         -0.71257166	         -0.28148655	          0.64265617	         -0.30589299	          0.83126518	          0.02774337	
          3.21000000	          0.68150448	         -0.01801978	          0.73159206	         -0.19799701	          0.95787200	          0.20803464	         -0.70452029	         -0.28662958	          0.64922620	         -0.31009727	          0.82065431	          0.02643502	
          3.22000000	          0.68949209	         -0.01733225	          0.72408580	         -0.20011448	          0.95624067	          0.21344315	         -0.69609974	         -0.29206742	          0.65585195	         -0.31463352	          0.80970799	          0.02513241	
          3.23000000	          0.69760622	         -0.01664450	          0.71628802	         -0.20227792	          0.95448572	          0.21918177	         -0.68733486	         -0.29779182	          0.66248836	         -0.31951048	          0.79846818	          0.02385492	
          3.24000000	          0.70580611	         -0.01596907	          0.70822505	         -0.20447015	          0.95260375	          0.22525110	         -0.67825489	         -0.30379448	          0.66908835	         -0.32473595	          0.78698089	          0.02262143	
          3.25000000	          0.71405051	         -0.01531804	          0.69992659	         -0.20667508	          0.95059135	          0.23164950	         -0.66889258	         -0.31006683	          0.67560438	         -0.33031551	          0.77529470	          0.02144903	
          3.26000000	          0.72229876	         -0.01470206	          0.69142487	         -0.20887821	          0.94844531	          0.23837235	         -0.65928324	         -0.31659965	          0.68198994	         -0.33625136	          0.76345947	          0.02035173	
          3.27000000	          0.73051184	         -0.01412956	          0.68275385	         -0.21106690	          0.94616272	          0.24541163	         -0.64946379	         -0.32338284	          0.68820078	         -0.34254142	          0.75152507	          0.01933959	
          3.28000000	          0.73865321	         -0.01360613	          0.67394830	         -0.21323066	          0.94374113	          0.25275556	         -0.63947175	         -0.33040515	          0.69419617	         -0.34917882	          0.73954021	          0.01841811	
          3.29000000	          0.74668974	         -0.01313415	          0.66504280	         -0.21536121	          0.94117868	          0.26038864	         -0.62934408	         -0.33765395	          0.69993988	         -0.35615176	          0.72755112	          0.01758803	
          3.30000000	          0.75459249	         -0.01271266	          0.65607054	         -0.21745241	          0.93847422	          0.26829197	         -0.61911600	         -0.34511523	          0.70540120	         -0.36344368	          0.71560025	          0.01684546	
          3.31000000	          0.76233754	         -0.01233744	          0.64706202	         -0.21949989	          0.93562741	          0.27644376	         -0.60881957	         -0.35277350	          0.71055583	         -0.37103369	          0.70372471	          0.01618229	
          3.32000000	          0.76990672	         -0.01200119	          0.63804358	         -0.22150064	          0.93263873	          0.28482005	         -0.59848234	         -0.36061193	          0.71538656	         -0.37889713	          0.69195478	          0.01558658	
          3.33000000	          0.77728821	         -0.01169365	          0.62903600	         -0.22345244	          0.92950961	          0.29339546	         -0.58812587	         -0.36861247	          0.71988389	         -0.38700609	          0.68031252	          0.01504302	
          3.34000000	          0.78447680	         -0.01140171	          0.62005335	         -0.22535344	          0.92624237	          0.30214382	         -0.57776464	         -0.37675598	          0.72404624	         -0.39532985	          0.66881070	          0.01453313	
          3.35000000	          0.79147368	         -0.01110938	          0.61110227	         -0.22720166	          0.92284044	          0.31103848	         -0.56740534	         -0.38502222	          0.72787985	         -0.40383507	          0.65745239	          0.01403541	
          3.36000000	          0.79828592	         -0.01079776	          0.60218186	         -0.22899474	          0.91930836	          0.32005240	         -0.55704667	         -0.39338981	          0.73139829	         -0.41248578	          0.64623124	          0.01352536	
          3.37000000	          0.80492547	         -0.01044487	          0.59328399	         -0.23072995	          0.91565200	          0.32915818	         -0.54667969	         -0.40183619	          0.73462167	         -0.42124353	          0.63513227	          0.01297547	
          3.38000000	          0.81140813	         -0.01002554	          0.58439400	         -0.23240435	          0.91187849	          0.33832800	         -0.53628823	         -0.41033780	          0.73757564	         -0.43006755	          0.62413306	          0.01235510	
          3.39000000	          0.81775238	         -0.00951126	          0.57549160	         -0.23401518	          0.90799631	          0.34753358	         -0.52584974	         -0.41887018	          0.74029036	         -0.43891503	          0.61320514	          0.01163045	
          3.40000000	          0.82397824	         -0.00886998	          0.56655202	         -0.23556038	          0.90401522	          0.35674611	         -0.51533598	         -0.42740824	          0.74279945	         -0.44774138	          0.60231549	          0.01076441	
          3.41000000	          0.83010611	         -0.00806589	          0.55754712	         -0.23703921	          0.89994625	          0.36593600	         -0.50471404	         -0.43592624	          0.74513895	         -0.45650042	          0.59142810	          0.00971639	
          3.42000000	          0.83615563	         -0.00705913	          0.54844683	         -0.23845297	          0.89580172	          0.37507260	         -0.49394730	         -0.44439785	          0.74734638	         -0.46514449	          0.58050566	          0.00844217	
          3.43000000	          0.84214459	         -0.00580579	          0.53922054	         -0.23980570	          0.89159524	          0.38412389	         -0.48299661	         -0.45279601	          0.74945984	         -0.47362471	          0.56951129	          0.00689395	
          3.44000000	          0.84808785	         -0.00425822	          0.52983852	         -0.24110466	          0.88734164	          0.39305643	         -0.47182150	         -0.46109292	          0.75151699	         -0.48189148	          0.55841015	          0.00502093	
          3.45000000	          0.85399664	         -0.00236600	          0.52027314	         -0.24236043	          0.88305691	          0.40183567	         -0.46038154	         -0.46925994	          0.75355421	         -0.48989543	          0.54717076	          0.00277050	
          3.46000000	          0.85987789	         -0.00007720	          0.51049977	         -0.24358660	          0.87875807	          0.41042638	         -0.44863748	         -0.47726747	          0.75560583	         -0.49758838	          0.53576590	          0.00008978	
          3.47000000	          0.86573364	          0.00266100	          0.50049794	         -0.24480029	          0.87446296	          0.41879273	         -0.43655250	         -0.48508499	          0.75770341	         -0.50492395	          0.52417384	         -0.00307368	
          3.48000000	          0.87155993	          0.00590065	          0.49025348	         -0.24602226	          0.87019007	          0.42689845	         -0.42409473	         -0.49268085	          0.75987449	         -0.51185851	          0.51238056	         -0.00677012	
          3.49000000	          0.87734635	          0.00968736	          0.47975987	         -0.24727396	          0.86595811	          0.43470926	         -0.41124077	         -0.50002270	          0.76214062	         -0.51835479	          0.50038101	         -0.01104122	
          3.50000000	          0.88307498	          0.01406092	          0.46902118	         -0.24858118	          0.86178413	          0.44219397	         -0.39797736	         -0.50708027	          0.76451528	         -0.52438408	          0.48818217	         -0.01592133	
          3.51000000	          0.88871514	          0.01904081	          0.45806423	         -0.24996891	          0.85768392	          0.44932598	         -0.38431880	         -0.51382461	          0.76699630	         -0.52993186	          0.47581631	         -0.02142182	
          3.52000000	          0.89421893	          0.02461154	          0.44695277	         -0.25145983	          0.85366927	          0.45608851	         -0.37032481	         -0.52023365	          0.76955603	         -0.53500826	          0.46335602	         -0.02751600	
          3.53000000	          0.89951986	          0.03070555	          0.43579949	         -0.25307116	          0.84974268	          0.46248499	         -0.35611657	         -0.52630271	          0.77213110	         -0.53966335	          0.45092637	         -0.03412224	
          3.54000000	          0.90451116	          0.03715222	          0.42482853	         -0.25481016	          0.84589374	          0.46854622	         -0.34195226	         -0.53205591	          0.77458709	         -0.54401323	          0.43877247	         -0.04105129	
          3.55000000	          0.90877837	          0.04320553	          0.41503632	         -0.25666531	          0.84209475	          0.47434097	         -0.32900576	         -0.53759624	          0.77636686	         -0.54845051	          0.42798273	         -0.04750665	
          3.56000000	          0.91276262	          0.04936298	          0.40549686	         -0.25857736	          0.83829373	          0.48000142	         -0.31623118	         -0.54297966	          0.77792733	         -0.55284467	          0.41752232	         -0.05402822	
          3.57000000	          0.91585166	          0.05436283	          0.39781957	         -0.26049065	          0.83442763	          0.48566980	         -0.30554925	         -0.54842977	          0.77837294	         -0.55784760	          0.40913903	         -0.05928812	
          3.58000000	          0.91849861	          0.05881390	          0.39102587	         -0.26238507	          0.83045812	          0.49141977	         -0.29582829	         -0.55396772	          0.77820652	         -0.56324361	          0.40174594	         -0.06394535	
          3.59000000	          0.92080690	          0.06279541	          0.38493037	         -0.26424050	          0.82636442	          0.49729147	         -0.28686514	         -0.55962361	          0.77751515	         -0.56902278	          0.39513238	         -0.06809064	
          3.60000000	          0.92283313	          0.06632219	          0.37944746	         -0.26603468	          0.82213385	          0.50331052	         -0.27857595	         -0.56541781	          0.77633636	         -0.57518979	          0.38919902	         -0.07174467	
          3.61000000	          0.92461634	          0.06938653	          0.37452655	         -0.26774374	          0.81775903	          0.50949334	         -0.27092049	         -0.57136300	          0.77469117	         -0.58175023	          0.38388610	         -0.07490319	
          3.62000000	          0.92619010	          0.07198436	          0.37012180	         -0.26934800	          0.81323465	          0.51584984	         -0.26386275	         -0.57746658	          0.77259873	         -0.58870482	          0.37914013	         -0.07756501	
          3.63000000	          0.92758566	          0.07411869	          0.36618474	         -0.27082934	          0.80856010	          0.52238112	         -0.25736417	         -0.58372681	          0.77008227	         -0.59604379	          0.37490566	         -0.07973555	
          3.64000000	          0.92883519	          0.07580851	          0.36265445	         -0.27217217	          0.80374000	          0.52907874	         -0.25137122	         -0.59013141	          0.76717497	         -0.60374276	          0.37111468	         -0.08143624	
          3.65000000	          0.92997158	          0.07709131	          0.35945763	         -0.27336573	          0.79878218	          0.53592742	         -0.24581300	         -0.59666067	          0.76391885	         -0.61176561	          0.36768661	         -0.08270731	
          3.66000000	          0.93102691	          0.07801907	          0.35651357	         -0.27440390	          0.79369623	          0.54290773	         -0.24060632	         -0.60329041	          0.76036128	         -0.62006878	          0.36453359	         -0.08360362	
          3.67000000	          0.93203124	          0.07865306	          0.35373927	         -0.27528411	          0.78849247	          0.54999844	         -0.23566169	         -0.60999452	          0.75655155	         -0.62860531	          0.36156585	         -0.08418940	
          3.68000000	          0.93301151	          0.07905833	          0.35105455	         -0.27600648	          0.78318057	          0.55717916	         -0.23088945	         -0.61674791	          0.75253710	         -0.63732934	          0.35869709	         -0.08453264	
          3.69000000	          0.93399054	          0.07929800	          0.34838698	         -0.27657285	          0.77776817	          0.56443257	         -0.22620593	         -0.62352906	          0.74835979	         -0.64620040	          0.35584973	         -0.08469923	
          3.70000000	          0.93498622	          0.07942783	          0.34567612	         -0.27698569	          0.77226013	          0.57174577	         -0.22153936	         -0.63032176	          0.74405295	         -0.65518657	          0.35295923	         -0.08474733	
          3.71000000	          0.93601118	          0.07949182	          0.34287625	         -0.27724715	          0.76665805	          0.57911092	         -0.21683425	         -0.63711576	          0.73963938	         -0.66426640	          0.34997705	         -0.08472285	
          3.72000000	          0.93707293	          0.07951989	          0.33995721	         -0.27735832	          0.76096022	          0.58652528	         -0.21205348	         -0.64390692	          0.73513073	         -0.67342961	          0.34687139	         -0.08465705	
          3.73000000	          0.93817469	          0.07952782	          0.33690293	         -0.27731891	          0.75516173	          0.59399072	         -0.20717741	         -0.65069661	          0.73052819	         -0.68267642	          0.34362559	         -0.08456650	
          3.74000000	          0.93931658	          0.07951960	          0.33370796	         -0.27712709	          0.74925491	          0.60151281	         -0.20220027	         -0.65749047	          0.72582459	         -0.69201556	          0.34023429	         -0.08445550	
          3.75000000	          0.94049723	          0.07949126	          0.33037268	         -0.27677925	          0.74323019	          0.60909944	         -0.19712487	         -0.66429664	          0.72100746	         -0.70146124	          0.33669840	         -0.08432006	
          3.76000000	          0.94171513	          0.07943534	          0.32689852	         -0.27627002	          0.73707733	          0.61675918	         -0.19195701	         -0.67112371	          0.71606248	         -0.71102951	          0.33301992	         -0.08415256	
          3.77000000	          0.94296960	          0.07934509	          0.32328423	         -0.27559238	          0.73078651	          0.62449973	         -0.18670077	         -0.67797893	          0.71097637	         -0.72073503	          0.32919803	         -0.08394610	
          3.78000000	          0.94426117	          0.07921795	          0.31952365	         -0.27473837	          0.72434929	          0.63232660	         -0.18135511	         -0.68486686	          0.70573912	         -0.73058846	          0.32522674	         -0.08369812	
          3.79000000	          0.94559138	          0.07905800	          0.31560540	         -0.27370012	          0.71775923	          0.64024209	         -0.17591243	         -0.69178864	          0.70034513	         -0.74059480	          0.32109460	         -0.08341294	
          3.80000000	          0.94696215	          0.07887699	          0.31151422	         -0.27247118	          0.71101234	          0.64824449	         -0.17035888	         -0.69874164	          0.69479348	         -0.75075256	          0.31678613	         -0.08310293	
          3.81000000	          0.94837478	          0.07869390	          0.30723371	         -0.27104785	          0.70410722	          0.65632772	         -0.16467648	         -0.70571969	          0.68908735	         -0.76105389	          0.31228478	         -0.08278799	
          3.82000000	          0.94982894	          0.07853290	          0.30275000	         -0.26943034	          0.69704490	          0.66448152	         -0.15884668	         -0.71271382	          0.68323257	         -0.77148583	          0.30757675	         -0.08249346	
          3.83000000	          0.95132180	          0.07842011	          0.29805557	         -0.26762346	          0.68982823	          0.67269212	         -0.15285456	         -0.71971334	          0.67723569	         -0.78203239	          0.30265498	         -0.08224683	
          3.84000000	          0.95284743	          0.07838004	          0.29315243	         -0.26563698	          0.68246116	          0.68094329	         -0.14669278	         -0.72670719	          0.67110200	         -0.79267685	          0.29752247	         -0.08207397	
          3.85000000	          0.95439678	          0.07843267	          0.28805401	         -0.26348559	          0.67494795	          0.68921739	         -0.14036430	         -0.73368494	          0.66483402	         -0.80340393	          0.29219409	         -0.08199610	
          3.86000000	          0.95595803	          0.07859157	          0.28278545	         -0.26118864	          0.66729259	          0.69749631	         -0.13388330	         -0.74063754	          0.65843093	         -0.81420102	          0.28669685	         -0.08202789	
          3.87000000	          0.95751737	          0.07886348	          0.27738248	         -0.25876958	          0.65949852	          0.70576200	         -0.12727448	         -0.74755752	          0.65188876	         -0.82505858	          0.28106860	         -0.08217698	
          3.88000000	          0.95905988	          0.07924901	          0.27188922	         -0.25625533	          0.65156871	          0.71399680	         -0.12057097	         -0.75443874	          0.64520138	         -0.83596971	          0.27535567	         -0.08244467	
          3.89000000	          0.96057047	          0.07974402	          0.26635551	         -0.25367560	          0.64350582	          0.72218346	         -0.11381151	         -0.76127600	          0.63836181	         -0.84692926	          0.26960996	         -0.08282743	
          3.90000000	          0.96203472	          0.08034143	          0.26083415	         -0.25106211	          0.63531253	          0.73030528	         -0.10703743	         -0.76806461	          0.63136340	         -0.85793292	          0.26388616	         -0.08331865	
          3.91000000	          0.96343943	          0.08103279	          0.25537845	         -0.24844797	          0.62699176	          0.73834608	         -0.10028994	         -0.77479998	          0.62420102	         -0.86897631	          0.25823911	         -0.08391033	
          3.92000000	          0.96477306	          0.08180964	          0.25004024	         -0.24586682	          0.61854713	          0.74629013	         -0.09360795	         -0.78147721	          0.61687188	         -0.88005419	          0.25272182	         -0.08459440	
          3.93000000	          0.96602595	          0.08266429	          0.24486829	         -0.24335209	          0.60998323	          0.75412215	         -0.08702658	         -0.78809077	          0.60937616	         -0.89115986	          0.24738385	         -0.08536354	
          3.94000000	          0.96719036	          0.08359025	          0.23990721	         -0.24093622	          0.60130594	          0.76182735	         -0.08057629	         -0.79463441	          0.60171723	         -0.90228491	          0.24227027	         -0.08621163	
          3.95000000	          0.96826046	          0.08458232	          0.23519676	         -0.23864997	          0.59252239	          0.76939159	         -0.07428243	         -0.80110115	          0.59390157	         -0.91341923	          0.23742101	         -0.08713373	
          3.96000000	          0.96923214	          0.08563639	          0.23077144	         -0.23652179	          0.58364097	          0.77680155	         -0.06816519	         -0.80748351	          0.58593847	         -0.92455131	          0.23287045	         -0.08812603	
          3.97000000	          0.97010291	          0.08674925	          0.22666033	         -0.23457736	          0.57467119	          0.78404495	         -0.06223985	         -0.81377367	          0.57783961	         -0.93566852	          0.22864740	         -0.08918551	
          3.98000000	          0.97087163	          0.08791831	          0.22288709	         -0.23283922	          0.56562352	          0.79111057	         -0.05651707	         -0.81996366	          0.56961866	         -0.94675742	          0.22477506	         -0.09030974	
          3.99000000	          0.97153830	          0.08914141	          0.21947012	         -0.23132657	          0.55650928	          0.79798837	         -0.05100335	         -0.82604553	          0.56129086	         -0.95780399	          0.22127132	         -0.09149667	
          4.00000000	          0.97210392	          0.09041656	          0.21642279	         -0.23005510	          0.54734055	          0.80466948	         -0.04570152	         -0.83201152	          0.55287268	         -0.96879392	          0.21814892	         -0.09274438	
          4.01000000	          0.97257021	          0.09174177	          0.21375365	         -0.22903691	          0.53812990	          0.81114629	         -0.04061123	         -0.83785420	          0.54438137	         -0.97971284	          0.21541582	         -0.09405091	
          4.02000000	          0.97293960	          0.09311476	          0.21146674	         -0.22828041	          0.52889016	          0.81741254	         -0.03572951	         -0.84356674	          0.53583445	         -0.99054681	          0.21307540	         -0.09541396	
          4.03000000	          0.97321501	          0.09453269	          0.20956171	         -0.22779017	          0.51963405	          0.82346347	         -0.03105118	         -0.84914311	          0.52724928	         -1.00128272	          0.21112669	         -0.09683066	
          4.04000000	          0.97339993	          0.09599197	          0.20803393	         -0.22756679	          0.51037391	          0.82929599	         -0.02656934	         -0.85457827	          0.51864251	         -1.01190873	          0.20956448	         -0.09829731	
          4.05000000	          0.97349834	          0.09748806	          0.20687448	         -0.22760662	          0.50112137	          0.83490874	         -0.02227559	         -0.85986828	          0.51002975	         -1.02241460	          0.20837925	         -0.09980924	
          4.06000000	          0.97351479	          0.09901554	          0.20607006	         -0.22790163	          0.49188721	          0.84030222	         -0.01816025	         -0.86501035	          0.50142528	         -1.03279196	          0.20755711	         -0.10136078	
          4.07000000	          0.97345445	          0.10056817	          0.20560273	         -0.22843916	          0.48268119	          0.84547881	         -0.01421232	         -0.87000282	          0.49284186	         -1.04303443	          0.20707956	         -0.10294540	
          4.08000000	          0.97332315	          0.10213920	          0.20544980	         -0.22920182	          0.47351203	          0.85044276	         -0.01041940	         -0.87484510	          0.48429071	         -1.05313762	          0.20692329	         -0.10455596	
          4.09000000	          0.97312753	          0.10372179	          0.20558358	         -0.23016737	          0.46438739	          0.85520017	         -0.00676753	         -0.87953746	          0.47578153	         -1.06309907	          0.20705998	         -0.10618512	
          4.10000000	          0.97287498	          0.10530942	          0.20597134	         -0.23130881	          0.45531408	          0.85975888	         -0.00324094	         -0.88408089	          0.46732267	         -1.07291795	          0.20745623	         -0.10782576	
          4.11000000	          0.97257378	          0.10689642	          0.20657542	         -0.23259453	          0.44629812	          0.86412833	          0.00017800	         -0.88847687	          0.45892137	         -1.08259488	          0.20807358	         -0.10947145	
          4.12000000	          0.97223300	          0.10847834	          0.20735341	         -0.23398862	          0.43734493	          0.86831949	          0.00350890	         -0.89272720	          0.45058388	         -1.09213160	          0.20886879	         -0.11111690	
          4.13000000	          0.97186254	          0.11005234	          0.20825868	         -0.23545131	          0.42845940	          0.87234467	          0.00677319	         -0.89683389	          0.44231561	         -1.10153080	          0.20979426	         -0.11275826	
          4.14000000	          0.97147300	          0.11161728	          0.20924099	         -0.23693951	          0.41964587	          0.87621745	          0.00999389	         -0.90079905	          0.43412118	         -1.11079603	          0.21079871	         -0.11439328	
          4.15000000	          0.97107552	          0.11317374	          0.21024755	         -0.23840767	          0.41090813	          0.87995244	          0.01319508	         -0.90462490	          0.42600431	         -1.11993163	          0.21182816	         -0.11602133	
          4.16000000	          0.97068160	          0.11472385	          0.21122423	         -0.23980875	          0.40224924	          0.88356512	          0.01640120	         -0.90831382	          0.41796772	         -1.12894277	          0.21282728	         -0.11764321	
          4.17000000	          0.97030269	          0.11627094	          0.21211734	         -0.24109567	          0.39367131	          0.88707146	          0.01963612	         -0.91186840	          0.41001274	         -1.13783560	          0.21374110	         -0.11926090	
          4.18000000	          0.96994976	          0.11781913	          0.21287583	         -0.24222314	          0.38517515	          0.89048754	          0.02292198	         -0.91529163	          0.40213906	         -1.14661741	          0.21451732	         -0.12087712	
          4.19000000	          0.96963269	          0.11937280	          0.21345394	         -0.24314999	          0.37675991	          0.89382887	          0.02627797	         -0.91858701	          0.39434422	         -1.15529678	          0.21510902	         -0.12249498	
          4.20000000	          0.96935955	          0.12093613	          0.21381423	         -0.24384187	          0.36842279	          0.89710969	          0.02971894	         -0.92175870	          0.38662344	         -1.16388361	          0.21547782	         -0.12411749	
          4.21000000	          0.96913588	          0.12251261	          0.21393063	         -0.24427404	          0.36015878	          0.90034207	          0.03325427	         -0.92481150	          0.37896945	         -1.17238894	          0.21559698	         -0.12574727	
          4.22000000	          0.96896412	          0.12410484	          0.21379086	         -0.24443380	          0.35196064	          0.90353518	          0.03688712	         -0.92775088	          0.37137265	         -1.18082467	          0.21545390	         -0.12738637	
          4.23000000	          0.96884330	          0.12571434	          0.21339765	         -0.24432177	          0.34381906	          0.90669473	          0.04061435	         -0.93058281	          0.36382154	         -1.18920306	          0.21505141	         -0.12903618	
          4.24000000	          0.96876914	          0.12734161	          0.21276856	         -0.24395202	          0.33572303	          0.90982276	          0.04442699	         -0.93331354	          0.35630336	         -1.19753626	          0.21440753	         -0.13069750	
