name C:\Users\u0101727\Documents\MyRepositories\upper-imu-dc\Results\main_tracking\Case_42\FLX01_orientations_groundFrame.mot
datacolumns 13
datarows 600
range 0.510000 6.500000
endheader 
time	radius_imu_[0][0]	radius_imu_[0][1]	radius_imu_[0][2]	radius_imu_[1][0]	radius_imu_[1][1]	radius_imu_[1][2]	radius_imu_[2][0]	radius_imu_[2][1]	radius_imu_[2][2]	radius_imu_x	radius_imu_y	radius_imu_z	
          0.51000000	          0.66813004	         -0.05078210	          0.74230953	         -0.09990175	          0.98251150	          0.15713304	         -0.73730719	         -0.17914333	          0.65137222	         -0.23671132	          0.83651057	          0.07586045	
          0.52000000	          0.66907618	         -0.05147748	          0.74140889	         -0.10104558	          0.98203379	          0.15937199	         -0.73629265	         -0.18154810	          0.65185384	         -0.23978645	          0.83516745	          0.07678687	
          0.53000000	          0.66928883	         -0.05230308	          0.74115912	         -0.10254350	          0.98147117	          0.16186157	         -0.73589217	         -0.18433320	          0.65152436	         -0.24350536	          0.83479532	          0.07798874	
          0.54000000	          0.66954480	         -0.05318884	          0.74086483	         -0.10425647	          0.98082891	          0.16463668	         -0.73541848	         -0.18747158	          0.65116362	         -0.24764471	          0.83435706	          0.07927382	
          0.55000000	          0.66970774	         -0.05425166	          0.74064047	         -0.10608148	          0.98011148	          0.16771466	         -0.73500903	         -0.19088804	          0.65063314	         -0.25227950	          0.83402308	          0.08083146	
          0.56000000	          0.66968409	         -0.05557095	          0.74056404	         -0.10794614	          0.97932215	          0.17110157	         -0.73475904	         -0.19452503	          0.64983779	         -0.25745558	          0.83390933	          0.08279116	
          0.57000000	          0.66940570	         -0.05720204	          0.74069152	         -0.10980000	          0.97846302	          0.17479723	         -0.73473803	         -0.19833819	          0.64870794	         -0.26320327	          0.83409907	          0.08524489	
          0.58000000	          0.66883031	         -0.05918229	          0.74105565	         -0.11160814	          0.97753501	          0.17879854	         -0.73498955	         -0.20229373	          0.64719982	         -0.26954173	          0.83464120	          0.08825640	
          0.59000000	          0.66793617	         -0.06153709	          0.74167005	         -0.11334593	          0.97653797	          0.18310184	         -0.73553652	         -0.20636562	          0.64529005	         -0.27648381	          0.83555671	          0.09187086	
          0.60000000	          0.66671948	         -0.06428387	          0.74253129	         -0.11499489	          0.97547078	          0.18770437	         -0.73638394	         -0.21053346	          0.64297306	         -0.28403857	          0.83684159	          0.09612104	
          0.61000000	          0.66520142	         -0.06743224	          0.74361278	         -0.11653954	          0.97433147	          0.19260510	         -0.73751313	         -0.21478147	          0.64026815	         -0.29220840	          0.83845766	          0.10102605	
          0.62000000	          0.66341708	         -0.07098849	          0.74487477	         -0.11796492	          0.97311736	          0.19780516	         -0.73889246	         -0.21909641	          0.63720852	         -0.30099294	          0.84034712	          0.10659870	
          0.63000000	          0.66141606	         -0.07495579	          0.74626431	         -0.11925528	          0.97182517	          0.20330770	         -0.74047753	         -0.22346694	          0.63384190	         -0.31038730	          0.84243219	          0.11284479	
          0.64000000	          0.65925817	         -0.07933535	          0.74771958	         -0.12039327	          0.97045108	          0.20911759	         -0.74221569	         -0.22788288	          0.63022636	         -0.32038205	          0.84462112	          0.11976442	
          0.65000000	          0.65700964	         -0.08412680	          0.74917356	         -0.12135990	          0.96899080	          0.21524081	         -0.74404980	         -0.23233492	          0.62642667	         -0.33096279	          0.84681350	          0.12735202	
          0.66000000	          0.65473811	         -0.08932881	          0.75055871	         -0.12213497	          0.96743960	          0.22168373	         -0.74592296	         -0.23681425	          0.62250940	         -0.34211034	          0.84890717	          0.13559720	
          0.67000000	          0.65250809	         -0.09493943	          0.75181094	         -0.12269763	          0.96579233	          0.22845234	         -0.74778238	         -0.24131242	          0.61853847	         -0.35380119	          0.85080423	          0.14448535	
          0.68000000	          0.65037725	         -0.10095629	          0.75287267	         -0.12302718	          0.96404345	          0.23555156	         -0.74958238	         -0.24582118	          0.61457156	         -0.36600799	          0.85241591	          0.15399824	
          0.69000000	          0.64839333	         -0.10737664	          0.75369513	         -0.12310401	          0.96218706	          0.24298450	         -0.75128656	         -0.25033242	          0.61065717	         -0.37870039	          0.85366643	          0.16411472	
          0.70000000	          0.64659158	         -0.11419729	          0.75424022	         -0.12291074	          0.96021685	          0.25075196	         -0.75286937	         -0.25483832	          0.60683206	         -0.39184624	          0.85449620	          0.17481153	
          0.71000000	          0.64499252	         -0.12141457	          0.75448204	         -0.12243347	          0.95812615	          0.25885195	         -0.75431737	         -0.25933142	          0.60311899	         -0.40541329	          0.85486458	          0.18606449	
          0.72000000	          0.64360024	         -0.12902427	          0.75440802	         -0.12166319	          0.95590782	          0.26727946	         -0.75563007	         -0.26380481	          0.59952500	         -0.41937132	          0.85475180	          0.19785003	
          0.73000000	          0.64240163	         -0.13702158	          0.75401938	         -0.12059700	          0.95355430	          0.27602637	         -0.75682000	         -0.26825227	          0.59604045	         -0.43369438	          0.85415993	          0.21014671	
          0.74000000	          0.64136685	         -0.14540103	          0.75333067	         -0.11923910	          0.95105756	          0.28508166	         -0.75791200	         -0.27266840	          0.59263930	         -0.44836275	          0.85311206	          0.22293663	
          0.75000000	          0.64045126	         -0.15415629	          0.75236827	         -0.11760126	          0.94840913	          0.29443175	         -0.75894145	         -0.27704864	          0.58928085	         -0.46336427	          0.85164988	          0.23620626	
          0.76000000	          0.63959862	         -0.16328004	          0.75116791	         -0.11570277	          0.94560018	          0.30406114	         -0.75995163	         -0.28138929	          0.58591261	         -0.47869482	          0.84982957	          0.24994672	
          0.77000000	          0.63874531	         -0.17276370	          0.74977139	         -0.11356986	          0.94262155	          0.31395303	         -0.76099035	         -0.28568746	          0.58247434	         -0.49435786	          0.84771651	          0.26415314	
          0.78000000	          0.63782521	         -0.18259720	          0.74822273	         -0.11123447	          0.93946392	          0.32409017	         -0.76210622	         -0.28994105	          0.57890267	         -0.51036296	          0.84537918	          0.27882347	
          0.79000000	          0.63677465	         -0.19276880	          0.74656429	         -0.10873266	          0.93611790	          0.33445549	         -0.76334478	         -0.29414870	          0.57513589	         -0.52672364	          0.84288295	          0.29395663	
          0.80000000	          0.63553693	         -0.20326502	          0.74483296	         -0.10610252	          0.93257420	          0.34503278	         -0.76474510	         -0.29830972	          0.57111841	         -0.54345459	          0.84028447	          0.30955051	
          0.81000000	          0.63406599	         -0.21407081	          0.74305720	         -0.10338195	          0.92882371	          0.35580709	         -0.76633706	         -0.30242387	          0.56680447	         -0.56056881	          0.83762710	          0.32559997	
          0.82000000	          0.63232913	         -0.22516976	          0.74125465	         -0.10060632	          0.92485771	          0.36676504	         -0.76813947	         -0.30649112	          0.56216097	         -0.57807455	          0.83493763	          0.34209503	
          0.83000000	          0.63030864	         -0.23654451	          0.73943067	         -0.09780617	          0.92066794	          0.37789482	         -0.77015905	         -0.31051125	          0.55716945	         -0.59597243	          0.83222429	          0.35901930	
          0.84000000	          0.62800284	         -0.24817710	          0.73757749	         -0.09500500	          0.91624683	          0.38918608	         -0.77239011	         -0.31448351	          0.55182755	         -0.61425251	          0.82947579	          0.37634835	
          0.85000000	          0.62542644	         -0.26004918	          0.73567397	         -0.09221739	          0.91158755	          0.40062962	         -0.77481464	         -0.31840629	          0.54614989	         -0.63289135	          0.82666118	          0.39404816	
          0.86000000	          0.62261043	         -0.27214213	          0.73368584	         -0.08944737	          0.90668421	          0.41221708	         -0.77740300	         -0.32227692	          0.54016864	         -0.65184936	          0.82373062	          0.41207346	
          0.87000000	          0.61960139	         -0.28443703	          0.73156660	         -0.08668729	          0.90153195	          0.42394040	         -0.78011501	         -0.32609159	          0.53393337	         -0.67106858	          0.82061697	          0.43036638	
          0.88000000	          0.61646006	         -0.29691459	          0.72925903	         -0.08391726	          0.89612706	          0.43579144	         -0.78290159	         -0.32984544	          0.52751028	         -0.69047133	          0.81723841	          0.44885566	
          0.89000000	          0.61325909	         -0.30955506	          0.72669729	         -0.08110515	          0.89046707	          0.44776148	         -0.78570684	         -0.33353269	          0.52098052	         -0.70996003	          0.81350191	          0.46745668	
          0.90000000	          0.61008042	         -0.32233810	          0.72380939	         -0.07820723	          0.88455076	          0.45984083	         -0.78847036	         -0.33714701	          0.51443793	         -0.72941823	          0.80930731	          0.48607224	
          0.91000000	          0.60701076	         -0.33524305	          0.72052066	         -0.07516957	          0.87837821	          0.47201828	         -0.79113050	         -0.34068141	          0.50798495	         -0.74871407	          0.80455288	          0.50459598	
          0.92000000	          0.60414476	         -0.34824619	          0.71675219	         -0.07192979	          0.87195067	          0.48428106	         -0.79362158	         -0.34413170	          0.50173515	         -0.76769839	          0.79913359	          0.52290710	
          0.93000000	          0.60157749	         -0.36132563	          0.71242425	         -0.06841786	          0.86526873	          0.49661759	         -0.79587909	         -0.34749651	          0.49580506	         -0.78621689	          0.79294676	          0.54088278	
          0.94000000	          0.59937980	         -0.37447398	          0.70746950	         -0.06455768	          0.85832980	          0.50902088	         -0.79785723	         -0.35076943	          0.49029037	         -0.80413939	          0.78591126	          0.55843326	
          0.95000000	          0.59759502	         -0.38769267	          0.70183658	         -0.06027449	          0.85112959	          0.52148384	         -0.79952935	         -0.35393899	          0.48526283	         -0.82136093	          0.77797248	          0.57549940	
          0.96000000	          0.59624726	         -0.40098128	          0.69548776	         -0.05550249	          0.84366414	          0.53399465	         -0.80087994	         -0.35699415	          0.48077697	         -0.83779317	          0.76909850	          0.59203597	
          0.97000000	          0.59535395	         -0.41432657	          0.68839463	         -0.05019194	          0.83593177	          0.54653349	         -0.80189428	         -0.35993273	          0.47687942	         -0.85335393	          0.75927344	          0.60799134	
          0.98000000	          0.59490870	         -0.42771362	          0.68054735	         -0.04431150	          0.82793065	          0.55907721	         -0.80257095	         -0.36275597	          0.47359051	         -0.86799222	          0.74850940	          0.62333564	
          0.99000000	          0.59487144	         -0.44113181	          0.67196034	         -0.03785143	          0.81965760	          0.57160186	         -0.80292916	         -0.36546428	          0.47089343	         -0.88170257	          0.73685262	          0.63807645	
          1.00000000	          0.59516909	         -0.45457489	          0.66267294	         -0.03082671	          0.81110792	          0.58408360	         -0.80300901	         -0.36805653	          0.46873331	         -0.89452637	          0.72438227	          0.65225857	
          1.01000000	          0.59570067	         -0.46803993	          0.65274753	         -0.02327845	          0.80227541	          0.59650002	         -0.80286912	         -0.37053041	          0.46702075	         -0.90654782	          0.71120554	          0.66595824	
          1.02000000	          0.59634570	         -0.48152568	          0.64226538	         -0.01527320	          0.79315251	          0.60883152	         -0.80258241	         -0.37288351	          0.46563865	         -0.91788584	          0.69745018	          0.67927358	
          1.03000000	          0.59697367	         -0.49503083	          0.63132156	         -0.00690049	          0.78373058	          0.62106260	         -0.80223115	         -0.37511445	          0.46445057	         -0.92868410	          0.68325613	          0.69231407	
          1.04000000	          0.59745255	         -0.50855288	          0.62001969	          0.00173106	          0.77400029	          0.63318287	         -0.80190240	         -0.37722343	          0.46330879	         -0.93910133	          0.66876780	          0.70519155	
          1.05000000	          0.59765568	         -0.52208762	          0.60846710	          0.01049853	          0.76395207	          0.64518758	         -0.80168415	         -0.37921201	          0.46206144	         -0.94930286	          0.65412752	          0.71801339	
          1.06000000	          0.59746705	         -0.53562892	          0.59677029	          0.01926981	          0.75357664	          0.65707756	         -0.80166190	         -0.38108254	          0.46055868	         -0.95945330	          0.63947006	          0.73087776	
          1.07000000	          0.59678525	         -0.54916881	          0.58503076	          0.02790902	          0.74286553	          0.66885865	         -0.80191549	         -0.38283734	          0.45865795	         -0.96971035	          0.62491798	          0.74387027	
          1.08000000	          0.59552614	         -0.56269757	          0.57334113	          0.03628170	          0.73181157	          0.68054057	         -0.80251620	         -0.38447791	          0.45622855	         -0.98021949	          0.61057801	          0.75706186	
          1.09000000	          0.59362461	         -0.57620384	          0.56178195	          0.04425946	          0.72040941	          0.69213538	         -0.80352406	         -0.38600443	          0.45315523	         -0.99110980	          0.59653820	          0.77050753	
          1.10000000	          0.59103533	         -0.58967449	          0.55041915	          0.05172392	          0.70865588	          0.70365580	         -0.80498564	         -0.38741560	          0.44934094	         -1.00249074	          0.58286619	          0.78424560	
          1.11000000	          0.58773290	         -0.60309447	          0.53930242	          0.05856946	          0.69655030	          0.71511349	         -0.80693225	         -0.38870907	          0.44470845	         -1.01445014	          0.56960852	          0.79829736	
          1.12000000	          0.58371126	         -0.61644651	          0.52846463	          0.06470496	          0.68409473	          0.72651749	         -0.80937904	         -0.38988215	          0.43920095	         -1.02705328	          0.55679101	          0.81266720	
          1.13000000	          0.57898223	         -0.62971108	          0.51792233	          0.07005466	          0.67129409	          0.73787302	         -0.81232501	         -0.39093249	          0.43278154	         -1.04034327	          0.54442036	          0.82734354	
          1.14000000	          0.57357341	         -0.64286655	          0.50767720	          0.07455830	          0.65815614	          0.74918059	         -0.81575401	         -0.39185852	          0.42543189	         -1.05434228	          0.53248657	          0.84230055	
          1.15000000	          0.56752538	         -0.65588981	          0.49771829	          0.07817085	          0.64469153	          0.76043550	         -0.81963666	         -0.39265939	          0.41715027	         -1.06905352	          0.52096609	          0.85750062	
          1.16000000	          0.56088851	         -0.66875705	          0.48802467	          0.08086208	          0.63091366	          0.77162768	         -0.82393288	         -0.39333441	          0.40794931	         -1.08446358	          0.50982519	          0.87289745	
          1.17000000	          0.55371967	         -0.68144481	          0.47856817	          0.08261598	          0.61683855	          0.78274185	         -0.82859467	         -0.39388218	          0.39785386	         -1.10054482	          0.49902330	          0.88843932	
          1.18000000	          0.54607926	         -0.69393087	          0.46931587	          0.08343005	          0.60248458	          0.79375800	         -0.83356876	         -0.39429973	          0.38689902	         -1.11725768	          0.48851587	          0.90407209	
          1.19000000	          0.53802877	         -0.70619495	          0.46023226	          0.08331447	          0.58787225	          0.80465205	         -0.83879899	         -0.39458195	          0.37512844	         -1.13455280	          0.47825679	          0.91974157	
          1.20000000	          0.52962892	         -0.71821911	          0.45128098	          0.08229087	          0.57302385	          0.81539676	         -0.84422830	         -0.39472140	          0.36259288	         -1.15237302	          0.46820028	          0.93539535	
          1.21000000	          0.52093833	         -0.72998784	          0.44242628	          0.08039087	          0.55796314	          0.82596274	         -0.84980031	         -0.39470862	          0.34934874	         -1.17065532	          0.45830234	          0.95098379	
          1.22000000	          0.51201301	         -0.74148785	          0.43363401	          0.07765425	          0.54271497	          0.83631948	         -0.85546040	         -0.39453293	          0.33545681	         -1.18933270	          0.44852179	          0.96646040	
          1.23000000	          0.50290637	         -0.75270750	          0.42487245	          0.07412698	          0.52730502	          0.84643642	         -0.86115642	         -0.39418375	          0.32098099	         -1.20833585	          0.43882098	          0.98178142	
          1.24000000	          0.49366947	         -0.76363634	          0.41611296	          0.06985920	          0.51175948	          0.85628379	         -0.86683917	         -0.39365185	          0.30598705	         -1.22759486	          0.42916642	          0.99690529	
          1.25000000	          0.48435120	         -0.77426465	          0.40733055	          0.06490332	          0.49610481	          0.86583346	         -0.87246288	         -0.39293037	          0.29054131	         -1.24704079	          0.41952923	          1.01179237	
          1.26000000	          0.47499807	         -0.78458337	          0.39850442	          0.05931269	          0.48036763	          0.87505939	         -0.87798567	         -0.39201515	          0.27470945	         -1.26660708	          0.40988562	          1.02640516	
          1.27000000	          0.46565370	         -0.79458431	          0.38961828	          0.05314067	          0.46457450	          0.88393812	         -0.88337008	         -0.39090448	          0.25855557	         -1.28623056	          0.40021709	          1.04070898	
          1.28000000	          0.45635809	         -0.80426051	          0.38066037	          0.04644041	          0.44875185	          0.89244892	         -0.88858347	         -0.38959826	          0.24214172	         -1.30585200	          0.39051032	          1.05467296	
          1.29000000	          0.44714689	         -0.81360670	          0.37162319	          0.03926503	          0.43292589	          0.90057395	         -0.89359830	         -0.38809704	          0.22552776	         -1.32541611	          0.38075682	          1.06827099	
          1.30000000	          0.43805075	         -0.82261964	          0.36250307	          0.03166803	          0.41712249	          0.90829839	         -0.89839227	         -0.38640103	          0.20877157	         -1.34487126	          0.37095224	          1.08148252	
          1.31000000	          0.42909512	         -0.83129832	          0.35329943	          0.02370364	          0.40136709	          0.91561050	         -0.90294824	         -0.38450951	          0.19192946	         -1.36416897	          0.36109564	          1.09429289	
          1.32000000	          0.42030033	         -0.83964391	          0.34401415	          0.01542703	          0.38568450	          0.92250175	         -0.90725390	         -0.38242067	          0.17505654	         -1.38326330	          0.35118865	          1.10669303	
          1.33000000	          0.41168232	         -0.84765941	          0.33465085	          0.00689420	          0.37009882	          0.92896681	         -0.91130134	         -0.38013206	          0.15820708	         -1.40211040	          0.34123469	          1.11867871	
          1.34000000	          0.40325357	         -0.85534920	          0.32521426	         -0.00183832	          0.35463320	          0.93500370	         -0.91508643	         -0.37764143	          0.14143469	         -1.42066802	          0.33123829	          1.13024923	
          1.35000000	          0.39502453	         -0.86271833	          0.31570984	         -0.01071412	          0.33930966	          0.94061372	         -0.91860809	         -0.37494805	          0.12479237	         -1.43889540	          0.32120466	          1.14140581	
          1.36000000	          0.38700537	         -0.86977181	          0.30614350	         -0.01967771	          0.32414890	          0.94580140	         -0.92186747	         -0.37205442	          0.10833224	         -1.45675316	          0.31113938	          1.15214953	
          1.37000000	          0.37920807	         -0.87651366	          0.29652157	         -0.02867554	          0.30917008	          0.95057434	         -0.92486699	         -0.36896838	          0.09210528	         -1.47420351	          0.30104835	          1.16247890	
          1.38000000	          0.37165030	         -0.88294544	          0.28685085	         -0.03765725	          0.29439065	          0.95494297	         -0.92760875	         -0.36570686	          0.07616107	         -1.49121021	          0.29093792	          1.17238567	
          1.39000000	          0.36437281	         -0.88905953	          0.27713823	         -0.04657701	          0.27982609	          0.95892020	         -0.93008765	         -0.36231272	          0.06055129	         -1.50773477	          0.28081439	          1.18183545	
          1.40000000	          0.35766367	         -0.89475339	          0.26738188	         -0.05539508	          0.26548975	          0.96252095	         -0.93220603	         -0.35907042	          0.04539110	         -1.52367268	          0.27067496	          1.19051897	
          1.41000000	          0.34437987	         -0.90273130	          0.25783463	         -0.06407950	          0.25139171	          0.96576189	         -0.93664098	         -0.34911087	          0.02872767	         -1.54105897	          0.26078038	          1.20635096	
          1.42000000	          0.34149614	         -0.90659675	          0.24791676	         -0.07261067	          0.23753775	          0.96866068	         -0.93707421	         -0.34879528	          0.01528963	         -1.55501334	          0.25052929	          1.21055430	
          1.43000000	          0.33804940	         -0.91050710	          0.23811641	         -0.08098860	          0.22392879	          0.97123465	         -0.93763716	         -0.34761001	          0.00195830	         -1.56878003	          0.24042601	          1.21529455	
          1.44000000	          0.33279467	         -0.91492253	          0.22839544	         -0.08922000	          0.21056537	          0.97349988	         -0.93876914	         -0.34435301	         -0.01155436	         -1.58266466	          0.23042925	          1.22193307	
          1.45000000	          0.33912251	         -0.91489077	          0.21902236	         -0.09733135	          0.19744700	          0.97546978	         -0.93569361	         -0.35212150	         -0.02208883	         -1.59343676	          0.22081239	          1.21582726	
          1.46000000	          0.32206279	         -0.92332818	          0.20914262	         -0.10540378	          0.18456854	          0.97715122	         -0.94083240	         -0.33674847	         -0.03787962	         -1.60954229	          0.21069811	          1.23518523	
          1.47000000	          0.31780237	         -0.92688766	          0.19970207	         -0.11345565	          0.17193311	          0.97855343	         -0.94134450	         -0.33364393	         -0.05051989	         -1.62237765	          0.20105386	          1.24048709	
          1.48000000	          0.31404768	         -0.93011964	          0.19039829	         -0.12146626	          0.15953361	          0.97969127	         -0.94160501	         -0.33079674	         -0.06287700	         -1.63488884	          0.19156784	          1.24517278	
          1.49000000	          0.31116200	         -0.93290940	          0.18126850	         -0.12942420	          0.14736270	          0.98057820	         -0.94150284	         -0.32857920	         -0.07488738	         -1.64701900	          0.18227616	          1.24886037	
          1.50000000	          0.30903108	         -0.93530850	          0.17233051	         -0.13734900	          0.13540948	          0.98122348	         -0.94108185	         -0.32689798	         -0.08661795	         -1.65884355	          0.17319509	          1.25168313	
          1.51000000	          0.30128504	         -0.93951084	          0.16293162	         -0.14529653	          0.12364225	          0.98163207	         -0.94239920	         -0.31942445	         -0.09925610	         -1.67156718	          0.16366126	          1.26047406	
          1.52000000	          0.30020139	         -0.94131386	          0.15429629	         -0.15336537	          0.11202163	          0.98179948	         -0.94146598	         -0.31840128	         -0.11073590	         -1.68311039	          0.15491517	          1.26207571	
          1.53000000	          0.29849018	         -0.94322256	          0.14572172	         -0.16150259	          0.10056291	          0.98173521	         -0.94064899	         -0.31657276	         -0.12231584	         -1.69474907	          0.14624244	          1.26430980	
          1.54000000	          0.29690864	         -0.94499096	          0.13724924	         -0.16962762	          0.08925009	          0.98145855	         -0.93971896	         -0.31468479	         -0.13379744	         -1.70628621	          0.13768383	          1.26637069	
          1.55000000	          0.29553191	         -0.94660238	          0.12885970	         -0.17767869	          0.07806866	          0.98098704	         -0.93866457	         -0.31280860	         -0.14511929	         -1.71766309	          0.12921901	          1.26818224	
          1.56000000	          0.29395940	         -0.94819672	          0.12046097	         -0.18562372	          0.06699683	          0.98033426	         -0.93762024	         -0.31053888	         -0.15631346	         -1.72891443	          0.12075422	          1.27017294	
          1.57000000	          0.29120631	         -0.95009954	          0.11184704	         -0.19346801	          0.05601076	          0.97950647	         -0.93689328	         -0.30687729	         -0.16750318	         -1.74016575	          0.11208156	          1.27338618	
          1.58000000	          0.32569390	         -0.93902394	          0.11026119	         -0.20126017	          0.04509076	          0.97849945	         -0.92380616	         -0.34088248	         -0.17430234	         -1.74707957	          0.11048584	          1.23693673	
          1.59000000	          0.32794887	         -0.93907047	          0.10293785	         -0.20894895	          0.03416107	          0.97732971	         -0.92129793	         -0.34202292	         -0.18501470	         -1.75788869	          0.10312051	          1.23481022	
          1.60000000	          0.32981430	         -0.93920409	          0.09548931	         -0.21650159	          0.02320355	          0.97600648	         -0.91888497	         -0.34257449	         -0.19568631	         -1.76866967	          0.09563502	          1.23308525	
          1.61000000	          0.33139516	         -0.93938890	          0.08789624	         -0.22389371	          0.01220034	          0.97453720	         -0.91654179	         -0.34263633	         -0.20628013	         -1.77938729	          0.08800981	          1.23164937	
          1.62000000	          0.33281056	         -0.93958061	          0.08015867	         -0.23110861	          0.00114218	          0.97292729	         -0.91423517	         -0.34232584	         -0.21676504	         -1.79001270	          0.08024476	          1.23037426	
          1.63000000	          0.33414622	         -0.93974553	          0.07228172	         -0.23813929	         -0.00997589	          0.97117978	         -0.91194078	         -0.34172917	         -0.22712374	         -1.80053122	          0.07234481	          1.22916716	
          1.64000000	          0.33545492	         -0.93986115	          0.06427293	         -0.24498848	         -0.02115541	          0.96929515	         -0.90964314	         -0.34090096	         -0.23735184	         -1.81094148	          0.06431726	          1.22797035	
          1.65000000	          0.33676045	         -0.93991529	          0.05613947	         -0.25166643	         -0.03239567	          0.96727169	         -0.90733478	         -0.33986727	         -0.24745470	         -1.82125213	          0.05616900	          1.22675708	
          1.66000000	          0.33806740	         -0.93990277	          0.04788745	         -0.25818777	         -0.04369431	          0.96510615	         -0.90501354	         -0.33863488	         -0.25744303	         -1.83147745	          0.04790577	          1.22552107	
          1.67000000	          0.33937039	         -0.93982220	          0.03952181	         -0.26456813	         -0.05504786	          0.96279460	         -0.90268015	         -0.33720018	         -0.26732861	         -1.84163293	          0.03953210	          1.22426674	
          1.68000000	          0.34066128	         -0.93967335	          0.03104649	         -0.27082080	         -0.06645201	          0.96033339	         -0.90033659	         -0.33555644	         -0.27712072	         -1.85173160	          0.03105148	          1.22300141	
          1.69000000	          0.34193393	         -0.93945544	          0.02246458	         -0.27695405	         -0.07790173	          0.95772009	         -0.89798532	         -0.33369865	         -0.28682324	         -1.86178100	          0.02246647	          1.22173037	
          1.70000000	          0.34318660	         -0.93916618	          0.01377846	         -0.28296898	         -0.08939139	          0.95495431	         -0.89562912	         -0.33162640	         -0.29643282	         -1.87178122	          0.01377889	          1.22045419	
          1.71000000	          0.34442286	         -0.93880136	          0.00498986	         -0.28885847	         -0.10091477	          0.95203834	         -0.89327133	         -0.32934513	         -0.30593808	         -1.88172393	          0.00498988	          1.21916780	
          1.72000000	          0.34565131	         -0.93835492	         -0.00389989	         -0.29460713	         -0.11246517	          0.94897746	         -0.89091627	         -0.32686637	         -0.31531978	         -1.89159246	         -0.00389990	          1.21786073	
          1.73000000	          0.34688464	         -0.93781923	         -0.01288968	         -0.30019217	         -0.12403548	          0.94578003	         -0.88856947	         -0.32420718	         -0.32455200	         -1.90136288	         -0.01289004	          1.21651815	
          1.74000000	          0.34813827	         -0.93718552	         -0.02197840	         -0.30558512	         -0.13561837	          0.94245710	         -0.88623782	         -0.32138911	         -0.33360389	         -1.91100572	         -0.02198017	          1.21512219	
          1.75000000	          0.34942890	         -0.93644445	         -0.03116464	         -0.31075403	         -0.14720651	          0.93902193	         -0.88392951	         -0.31843686	         -0.34244209	         -1.92048837	         -0.03116968	          1.21365357	
          1.76000000	          0.35077320	         -0.93558657	         -0.04044654	         -0.31566617	         -0.15879293	          0.93548900	         -0.88165358	         -0.31537687	         -0.35103333	         -1.92977780	         -0.04045758	          1.21209290	
          1.77000000	          0.35218678	         -0.93460274	         -0.04982156	         -0.32029084	         -0.17037138	          0.93187304	         -0.87941927	         -0.31223598	         -0.35934724	         -1.93884349	         -0.04984219	          1.21042184	
          1.78000000	          0.35368354	         -0.93348439	         -0.05928617	         -0.32460204	         -0.18193673	          0.92818777	         -0.87723513	         -0.30904033	         -0.36735896	         -1.94766024	         -0.05932096	          1.20862370	
          1.79000000	          0.35527558	         -0.93222364	         -0.06883568	         -0.32858079	         -0.19348524	          0.92444477	         -0.87510795	         -0.30581457	         -0.37505136	         -1.95621065	         -0.06889015	          1.20668364	
          1.80000000	          0.35697337	         -0.93081332	         -0.07846389	         -0.33221676	         -0.20501480	          0.92065246	         -0.87304183	         -0.30258139	         -0.38241661	         -1.96448690	         -0.07854463	          1.20458845	
          1.81000000	          0.35878636	         -0.92924682	         -0.08816290	         -0.33550893	         -0.21652498	          0.91681552	         -0.87103737	         -0.29936147	         -0.38945681	         -1.97249163	         -0.08827752	          1.20232593	
          1.82000000	          0.36072363	         -0.92751796	         -0.09792293	         -0.33846539	         -0.22801681	          0.91293456	         -0.86909127	         -0.29617355	         -0.39618378	         -1.98023781	         -0.09808010	          1.19988424	
          1.83000000	          0.36279444	         -0.92562085	         -0.10773225	         -0.34110228	         -0.23949256	          0.90900635	         -0.86719630	         -0.29303474	         -0.40261795	         -1.98774774	         -0.10794174	          1.19725129	
          1.84000000	          0.36500862	         -0.92354982	         -0.11757736	         -0.34344212	         -0.25095528	          0.90502429	         -0.86534168	         -0.28996065	         -0.40878675	         -1.99505140	         -0.11784997	          1.19441436	
          1.85000000	          0.36737660	         -0.92129944	         -0.12744322	         -0.34551216	         -0.26240844	          0.90097900	         -0.86351362	         -0.28696542	         -0.41472288	         -2.00218471	         -0.12779075	          1.19136009	
          1.86000000	          0.36990923	         -0.91886461	         -0.13731348	         -0.34734285	         -0.27385553	          0.89685901	         -0.86169606	         -0.28406157	         -0.42046274	         -2.00918781	         -0.13774869	          1.18807462	
          1.87000000	          0.37261750	         -0.91624066	         -0.14717082	         -0.34896664	         -0.28529982	          0.89265127	         -0.85987120	         -0.28125977	         -0.42604513	         -2.01610378	         -0.14770734	          1.18454393	
          1.88000000	          0.37551215	         -0.91342350	         -0.15699722	         -0.35041709	         -0.29674410	          0.88834160	         -0.85802010	         -0.27856856	         -0.43151022	         -2.02297753	         -0.15764942	          1.18075425	
          1.89000000	          0.37860336	         -0.91040974	         -0.16677409	         -0.35172820	         -0.30819048	          0.88391510	         -0.85612311	         -0.27599407	         -0.43689873	         -2.02985490	         -0.16755703	          1.17669240	
          1.90000000	          0.38190043	         -0.90719677	         -0.17648255	         -0.35293377	         -0.31964029	          0.87935649	         -0.85416030	         -0.27353997	         -0.44225114	         -2.03678190	         -0.17741176	          1.17234613	
          1.91000000	          0.38541167	         -0.90378278	         -0.18610352	         -0.35406684	         -0.33109397	          0.87465048	         -0.85211180	         -0.27120742	         -0.44760700	         -2.04380387	         -0.18719489	          1.16770424	
          1.92000000	          0.38914425	         -0.90016686	         -0.19561792	         -0.35515902	         -0.34255099	          0.86978209	         -0.84995813	         -0.26899523	         -0.45300413	         -2.05096468	         -0.19688750	          1.16275682	
          1.93000000	          0.39310402	         -0.89634893	         -0.20500690	         -0.35623958	         -0.35400980	          0.86473720	         -0.84768071	         -0.26690009	         -0.45847764	         -2.05830560	         -0.20647076	          1.15749538	
          1.94000000	          0.39729531	         -0.89232976	         -0.21425227	         -0.35733450	         -0.36546779	          0.85950297	         -0.84526238	         -0.26491677	         -0.46405884	         -2.06586405	         -0.21592626	          1.15191309	
