name C:\Users\u0101727\Documents\MyRepositories\upper-imu-dc\Results\main_tracking\Case_40\FLX01_orientations_groundFrame.mot
datacolumns 13
datarows 600
range 0.510000 6.500000
endheader 
time	radius_imu_[0][0]	radius_imu_[0][1]	radius_imu_[0][2]	radius_imu_[1][0]	radius_imu_[1][1]	radius_imu_[1][2]	radius_imu_[2][0]	radius_imu_[2][1]	radius_imu_[2][2]	radius_imu_x	radius_imu_y	radius_imu_z	
          0.51000000	          0.68025559	         -0.02678723	          0.73248534	         -0.13719911	          0.97701576	          0.16314594	         -0.72001996	         -0.21147728	          0.66094525	         -0.24199980	          0.82196553	          0.03935785	
          0.52000000	          0.68361121	         -0.02961655	          0.72924521	         -0.13529188	          0.97671709	          0.16649275	         -0.71719720	         -0.21247726	          0.66368787	         -0.24578793	          0.81721822	          0.04329661	
          0.53000000	          0.68616494	         -0.03255138	          0.72671734	         -0.13384652	          0.97629317	          0.17010806	         -0.71502643	         -0.21399077	          0.66554125	         -0.25023622	          0.81353109	          0.04740404	
          0.54000000	          0.68819159	         -0.03566775	          0.72465174	         -0.13254639	          0.97580113	          0.17390691	         -0.71331885	         -0.21573124	          0.66681050	         -0.25512109	          0.81052888	          0.05178189	
          0.55000000	          0.69046389	         -0.03874866	          0.72232829	         -0.13123967	          0.97528178	          0.17776837	         -0.71136191	         -0.21754077	          0.66831149	         -0.25997640	          0.80716319	          0.05606095	
          0.56000000	          0.68981600	         -0.04258273	          0.72273134	         -0.13000171	          0.97475772	          0.18151295	         -0.71221727	         -0.21916685	          0.66686764	         -0.26574946	          0.80774620	          0.06165233	
          0.57000000	          0.69125327	         -0.04560978	          0.72117173	         -0.12883615	          0.97423665	          0.18510588	         -0.71103458	         -0.22086804	          0.66756808	         -0.27048830	          0.80549224	          0.06588579	
          0.58000000	          0.69441293	         -0.04805131	          0.71797058	         -0.12765515	          0.97371524	          0.18863402	         -0.70816301	         -0.22264255	          0.67002645	         -0.27442895	          0.80088240	          0.06908690	
          0.59000000	          0.69107741	         -0.05201770	          0.72090649	         -0.12690328	          0.97318048	          0.19187314	         -0.71155293	         -0.22408459	          0.66594183	         -0.28052514	          0.80510944	          0.07512876	
          0.60000000	          0.69245655	         -0.05438526	          0.71940682	         -0.12629817	          0.97261864	          0.19509422	         -0.71031873	         -0.22595403	          0.66662738	         -0.28470800	          0.80294794	          0.07837870	
          0.61000000	          0.68729143	         -0.05868015	          0.72400769	         -0.12592932	          0.97201309	          0.19832388	         -0.71538262	         -0.22748010	          0.66066672	         -0.29162879	          0.80959473	          0.08517229	
          0.62000000	          0.68167011	         -0.06272802	          0.72896574	         -0.12604012	          0.97135596	          0.20144846	         -0.72072169	         -0.22920032	          0.65423808	         -0.29870059	          0.81680988	          0.09176266	
          0.63000000	          0.67418154	         -0.06693393	          0.73552641	         -0.12671830	          0.97063429	          0.20447873	         -0.72761371	         -0.23106044	          0.64590197	         -0.30659626	          0.82644334	          0.09895747	
          0.64000000	          0.66515639	         -0.07167748	          0.74325589	         -0.12760999	          0.96982710	          0.20772840	         -0.73571915	         -0.23301875	          0.63593993	         -0.31572159	          0.83792403	          0.10734610	
          0.65000000	          0.65780391	         -0.07630188	          0.74931438	         -0.12847251	          0.96890945	          0.21144574	         -0.74215149	         -0.23535613	          0.62754973	         -0.32499179	          0.84702613	          0.11547880	
          0.66000000	          0.65268091	         -0.08103090	          0.75328721	         -0.12901089	          0.96785666	          0.21589274	         -0.74656802	         -0.23809133	          0.62124770	         -0.33445908	          0.85304597	          0.12351883	
          0.67000000	          0.64615366	         -0.08694738	          0.75823849	         -0.12932852	          0.96664788	          0.22105657	         -0.75216992	         -0.24089837	          0.61335829	         -0.34591288	          0.86060705	          0.13375802	
          0.68000000	          0.64001473	         -0.09346286	          0.76265709	         -0.12944484	          0.96527220	          0.22692204	         -0.75738047	         -0.24395548	          0.60569014	         -0.35846412	          0.86741127	          0.14500737	
          0.69000000	          0.63486904	         -0.10043031	          0.76606465	         -0.12929131	          0.96372459	          0.23349232	         -0.76172505	         -0.24728255	          0.59885414	         -0.37176796	          0.87269607	          0.15689053	
          0.70000000	          0.63104579	         -0.10779962	          0.76821901	         -0.12876597	          0.96200372	          0.24076580	         -0.76498401	         -0.25085471	          0.59318748	         -0.38556919	          0.87605451	          0.16919376	
          0.71000000	          0.62878018	         -0.11553790	          0.76895155	         -0.12775679	          0.96011061	          0.24872841	         -0.76701609	         -0.25463427	          0.58893777	         -0.39961031	          0.87719955	          0.18172215	
          0.72000000	          0.62821490	         -0.12361584	          0.76815699	         -0.12616080	          0.95804696	          0.25735088	         -0.76774311	         -0.25858296	          0.58626391	         -0.41364162	          0.87595763	          0.19429092	
          0.73000000	          0.62935606	         -0.13201206	          0.76582228	         -0.12390435	          0.95581311	          0.26658772	         -0.76717577	         -0.26266731	          0.58518990	         -0.42746603	          0.87231907	          0.20675979	
          0.74000000	          0.63204578	         -0.14071832	          0.76204756	         -0.12095958	          0.95340631	          0.27637871	         -0.76543250	         -0.26686096	          0.58557520	         -0.44097991	          0.86646941	          0.21906649	
          0.75000000	          0.63596650	         -0.14974240	          0.75704942	         -0.11735282	          0.95081983	          0.28665303	         -0.76274172	         -0.27114361	          0.58711686	         -0.45419417	          0.85878520	          0.23124446	
          0.76000000	          0.64067604	         -0.15910734	          0.75114517	         -0.11316400	          0.94804301	          0.29733543	         -0.75942618	         -0.27549828	          0.58938322	         -0.46722975	          0.84979512	          0.24341843	
          0.77000000	          0.64566584	         -0.16884565	          0.74471926	         -0.10851870	          0.94506196	          0.30835301	         -0.75586991	         -0.27990897	          0.59187131	         -0.48029025	          0.84011407	          0.25577842	
          0.78000000	          0.65042873	         -0.17899003	          0.73817684	         -0.10357503	          0.94186072	          0.31964136	         -0.75247238	         -0.28436061	          0.59407437	         -0.49362181	          0.83036379	          0.26854076	
          0.79000000	          0.65451941	         -0.18956362	          0.73189479	         -0.09850829	          0.93842228	          0.33114912	         -0.74960020	         -0.28884123	          0.59554200	         -0.50747368	          0.82109847	          0.28190928	
          0.80000000	          0.65759241	         -0.20057365	          0.72618347	         -0.09349705	          0.93472926	          0.34284037	         -0.74754968	         -0.29334524	          0.59591782	         -0.52207087	          0.81275424	          0.29604870	
          0.81000000	          0.65941095	         -0.21201057	          0.72126882	         -0.08871322	          0.93076398	          0.35469477	         -0.74653008	         -0.29787570	          0.59494782	         -0.53760443	          0.80563240	          0.31107670	
          0.82000000	          0.65983251	         -0.22385244	          0.71729432	         -0.08431659	          0.92650828	          0.36670577	         -0.74666711	         -0.30244420	          0.59246581	         -0.55423578	          0.79991134	          0.32707186	
          0.83000000	          0.65878413	         -0.23607158	          0.71433443	         -0.08045184	          0.92194337	          0.37887719	         -0.74801803	         -0.30706779	          0.58836927	         -0.57210653	          0.79567257	          0.34408912	
          0.84000000	          0.65624201	         -0.24863935	          0.71240782	         -0.07724576	          0.91705048	          0.39121798	         -0.75058612	         -0.31176415	          0.58260071	         -0.59134319	          0.79292335	          0.36217113	
          0.85000000	          0.65222057	         -0.26152663	          0.71148588	         -0.07480388	          0.91181262	          0.40373523	         -0.75432931	         -0.31654632	          0.57513974	         -0.61205200	          0.79161047	          0.38134990	
          0.86000000	          0.64678248	         -0.27469479	          0.71148802	         -0.07320661	          0.90621758	          0.41642585	         -0.75915296	         -0.32142257	          0.56601618	         -0.63429499	          0.79161352	          0.40162473	
          0.87000000	          0.64000363	         -0.28810212	          0.71231491	         -0.07250745	          0.90026288	          0.42926615	         -0.76494315	         -0.32638003	          0.55528196	         -0.65809676	          0.79279096	          0.42298449	
          0.88000000	          0.63223048	         -0.30160174	          0.71366729	         -0.07272178	          0.89395534	          0.44221645	         -0.77135994	         -0.33148188	          0.54325280	         -0.68322902	          0.79471971	          0.44511472	
          0.89000000	          0.62359425	         -0.31521437	          0.71538110	         -0.07378971	          0.88728459	          0.45528138	         -0.77825786	         -0.33669861	          0.53004599	         -0.70966534	          0.79716936	          0.46802193	
          0.90000000	          0.61427806	         -0.32896255	          0.71724898	         -0.07560016	          0.88024155	          0.46846497	         -0.78545979	         -0.34199189	          0.51584345	         -0.73730150	          0.79984628	          0.49166372	
          0.91000000	          0.60445437	         -0.34287868	          0.71907518	         -0.07799847	          0.87282628	          0.48175775	         -0.79281218	         -0.34728734	          0.50083965	         -0.76598075	          0.80247060	          0.51599287	
          0.92000000	          0.59439072	         -0.35697047	          0.72060513	         -0.08076463	          0.86504925	          0.49514327	         -0.80011046	         -0.35250797	          0.48534666	         -0.79538938	          0.80467470	          0.54083509	
          0.93000000	          0.58443874	         -0.37123254	          0.72153847	         -0.08359652	          0.85693204	          0.50860505	         -0.80712018	         -0.35756659	          0.46979053	         -0.82504897	          0.80602177	          0.56589696	
          0.94000000	          0.57507720	         -0.38563119	          0.72150869	         -0.08609709	          0.84850730	          0.52213280	         -0.81355609	         -0.36238647	          0.45475548	         -0.85426048	          0.80597877	          0.59070205	
          0.95000000	          0.56690492	         -0.40009987	          0.72009646	         -0.08778018	          0.83981733	          0.53572520	         -0.81909307	         -0.36691545	          0.44097573	         -0.88210526	          0.80394132	          0.61458253	
          0.96000000	          0.56057832	         -0.41454641	          0.71687044	         -0.08810223	          0.83091045	          0.54938677	         -0.82340145	         -0.37113220	          0.42926792	         -0.90752608	          0.79930318	          0.63674572	
          0.97000000	          0.55669517	         -0.42887340	          0.71144788	         -0.08652157	          0.82183459	          0.56311804	         -0.82619883	         -0.37504068	          0.42040455	         -0.92949687	          0.79155641	          0.65642465	
          0.98000000	          0.55564190	         -0.44301142	          0.70356447	         -0.08257680	          0.81262917	          0.57690113	         -0.82731079	         -0.37864854	          0.41494835	         -0.94725344	          0.78040104	          0.67309038	
          0.99000000	          0.55748754	         -0.45693761	          0.69312023	         -0.07596841	          0.80331672	          0.59068693	         -0.82670215	         -0.38195584	          0.41312624	         -0.96047338	          0.76580881	          0.68660077	
          1.00000000	          0.56182721	         -0.47073409	          0.68026436	         -0.06662443	          0.79389700	          0.60439121	         -0.82456738	         -0.38488566	          0.41467055	         -0.96946281	          0.74812325	          0.69740542	
          1.01000000	          0.56796937	         -0.48451398	          0.66532472	         -0.05472149	          0.78434669	          0.61790439	         -0.82122856	         -0.38735833	          0.41897157	         -0.97495264	          0.72792870	          0.70626994	
          1.02000000	          0.57506957	         -0.49838716	          0.64877210	         -0.04066742	          0.77462351	          0.63111377	         -0.81709311	         -0.38931821	          0.42519429	         -0.97792618	          0.70596975	          0.71408428	
          1.03000000	          0.58230681	         -0.51241716	          0.63114772	         -0.02504101	          0.76467535	          0.64392900	         -0.81258337	         -0.39076882	          0.43244422	         -0.97940591	          0.68303198	          0.72164243	
          1.04000000	          0.58898149	         -0.52661486	          0.61300701	         -0.00851455	          0.75444871	          0.65630378	         -0.80810167	         -0.39177025	          0.43987244	         -0.98033300	          0.65986097	          0.72955200	
          1.05000000	          0.59454976	         -0.54095132	          0.59488003	          0.00821679	          0.74389542	          0.66824553	         -0.80401683	         -0.39241721	          0.44672773	         -0.98151978	          0.63711639	          0.73823072	
          1.06000000	          0.59862963	         -0.55537368	          0.57723708	          0.02449216	          0.73297573	          0.67981373	         -0.80065142	         -0.39281886	          0.45238329	         -0.98363524	          0.61534109	          0.74793232	
          1.07000000	          0.60097324	         -0.56982891	          0.56046960	          0.03973277	          0.72165979	          0.69110668	         -0.79828095	         -0.39306762	          0.45633910	         -0.98721301	          0.59495272	          0.75880359	
          1.08000000	          0.60147478	         -0.58426543	          0.54485043	          0.05348750	          0.70992877	          0.70223943	         -0.79709923	         -0.39323662	          0.45825515	         -0.99262178	          0.57621074	          0.77088559	
          1.09000000	          0.60014359	         -0.59864352	          0.53052202	          0.06546357	          0.69777564	          0.71331878	         -0.79720900	         -0.39336382	          0.45795492	         -1.00006135	          0.55921628	          0.78414684	
          1.10000000	          0.59707930	         -0.61293623	          0.51749927	          0.07553297	          0.68520558	          0.72442258	         -0.79861823	         -0.39344947	          0.45541896	         -1.00956601	          0.54392586	          0.79850215	
          1.11000000	          0.59244903	         -0.62712204	          0.50568972	          0.08370988	          0.67223572	          0.73558942	         -0.80124703	         -0.39346801	          0.45076171	         -1.02102558	          0.53018125	          0.81382101	
          1.12000000	          0.58648637	         -0.64116389	          0.49491676	          0.09010569	          0.65889428	          0.74681945	         -0.80493149	         -0.39340461	          0.44420503	         -1.03421228	          0.51773904	          0.82990711	
          1.13000000	          0.57944263	         -0.65501316	          0.48497834	          0.09487011	          0.64521845	          0.75808497	         -0.80947261	         -0.39325680	          0.43600825	         -1.04885361	          0.50633840	          0.84653955	
          1.14000000	          0.57156241	         -0.66860949	          0.47568662	          0.09814264	          0.63125184	          0.76934332	         -0.81466830	         -0.39304258	          0.42641892	         -1.06468569	          0.49574446	          0.86349195	
          1.15000000	          0.56307101	         -0.68188334	          0.46688988	          0.10002390	          0.61704165	          0.78054777	         -0.82033302	         -0.39280367	          0.41564289	         -1.08148681	          0.48577052	          0.88054509	
          1.16000000	          0.55416988	         -0.69476240	          0.45847678	          0.10057240	          0.60263604	          0.79165333	         -0.82630559	         -0.39260032	          0.40383667	         -1.09908706	          0.47628046	          0.89749641	
          1.17000000	          0.54503107	         -0.70718336	          0.45036967	          0.09982335	          0.58808162	          0.80261778	         -0.83245206	         -0.39249422	          0.39111617	         -1.11735972	          0.46717933	          0.91417400	
          1.18000000	          0.53578317	         -0.71910849	          0.44251483	          0.09781936	          0.57342068	          0.81340033	         -0.83867024	         -0.39251969	          0.37757188	         -1.13620528	          0.45840109	          0.93046056	
          1.19000000	          0.52651143	         -0.73053385	          0.43486320	          0.09464258	          0.55868790	          0.82396032	         -0.84488372	         -0.39266795	          0.36329517	         -1.15552444	          0.44988636	          0.94629829	
          1.20000000	          0.51727617	         -0.74148463	          0.42734752	          0.09043616	          0.54390690	          0.83425811	         -0.85102683	         -0.39289417	          0.34840710	         -1.17518886	          0.44155686	          0.96166796	
          1.21000000	          0.50811200	         -0.75201349	          0.41987845	          0.08540392	          0.52908732	          0.84425872	         -0.85704630	         -0.39311872	          0.33306051	         -1.19503984	          0.43331139	          0.97658739	
          1.22000000	          0.49899256	         -0.76220929	          0.41236322	          0.07978708	          0.51422291	          0.85393725	         -0.86292551	         -0.39320708	          0.31740786	         -1.21492257	          0.42504658	          0.99114790	
          1.23000000	          0.48983684	         -0.77218413	          0.40471168	          0.07382873	          0.49929122	          0.86328303	         -0.86868244	         -0.39298849	          0.30158061	         -1.23470825	          0.41666351	          1.00549995	
          1.24000000	          0.48049968	         -0.78206635	          0.39685297	          0.06772866	          0.48425450	          0.87230179	         -0.87437572	         -0.39226241	          0.28565243	         -1.25433226	          0.40808572	          1.01985758	
          1.25000000	          0.47079814	         -0.79198014	          0.38873715	          0.06160926	          0.46906249	          0.88101344	         -0.88008716	         -0.39082968	          0.26962706	         -1.27380573	          0.39926054	          1.03446252	
          1.26000000	          0.46082988	         -0.80188363	          0.38028735	          0.05549944	          0.45369811	          0.88942556	         -0.88575145	         -0.38876815	          0.25358174	         -1.29305791	          0.39010697	          1.04919938	
          1.27000000	          0.45081729	         -0.81160936	          0.37155623	          0.04930920	          0.43826330	          0.89749311	         -0.89125326	         -0.38628427	          0.23759648	         -1.31199964	          0.38068469	          1.06377013	
          1.28000000	          0.44099169	         -0.82099063	          0.36263026	          0.04291354	          0.42286553	          0.90517577	         -0.89648467	         -0.38361324	          0.22171180	         -1.33058769	          0.37108872	          1.07787550	
          1.29000000	          0.43152945	         -0.82990135	          0.35361856	          0.03617071	          0.40759802	          0.91244481	         -0.90137341	         -0.38095617	          0.20590867	         -1.34884713	          0.36143679	          1.09129530	
          1.30000000	          0.42254738	         -0.83825891	          0.34463852	          0.02895910	          0.39254544	          0.91927659	         -0.90587807	         -0.37845749	          0.19014427	         -1.36683143	          0.35185369	          1.10389212	
          1.31000000	          0.41411538	         -0.84601835	          0.33579965	          0.02120101	          0.37778476	          0.92565069	         -0.90997745	         -0.37620689	          0.17438293	         -1.38458917	          0.34245404	          1.11559405	
          1.32000000	          0.40627267	         -0.85316410	          0.32719036	          0.01287020	          0.36338092	          0.93155175	         -0.91366125	         -0.37425301	          0.15861213	         -1.40214709	          0.33332874	          1.12637325	
          1.33000000	          0.39904459	         -0.85970153	          0.31886783	          0.00398379	          0.34937757	          0.93697355	         -0.91692287	         -0.37262392	          0.14284210	         -1.41951066	          0.32453472	          1.13622425	
          1.34000000	          0.39247039	         -0.86564420	          0.31084903	         -0.00541842	          0.33578394	          0.94192345	         -0.91974868	         -0.37136137	          0.12709483	         -1.43667520	          0.31608619	          1.14513072	
          1.35000000	          0.38688170	         -0.87089969	          0.30307802	         -0.01530696	          0.32256133	          0.94642479	         -0.92200230	         -0.37079364	          0.11146225	         -1.45356444	          0.30792094	          1.15274923	
          1.36000000	          0.38472872	         -0.87452612	          0.29527593	         -0.02571290	          0.30962025	          0.95051257	         -0.92267148	         -0.37328188	          0.09663320	         -1.46948013	          0.29974431	          1.15634959	
          1.37000000	          0.35824179	         -0.88746976	          0.28993146	         -0.03679502	          0.29688071	          0.95420541	         -0.93290350	         -0.35250429	          0.07370061	         -1.49371169	          0.29415522	          1.18713320	
          1.38000000	          0.37358277	         -0.88390400	          0.28133544	         -0.04830803	          0.28434410	          0.95750445	         -0.92633808	         -0.37129793	          0.06352639	         -1.50454762	          0.28518547	          1.17091712	
          1.39000000	          0.33510802	         -0.90092364	          0.27575208	         -0.05892158	          0.27206256	          0.96047395	         -0.94033550	         -0.33811027	          0.03808650	         -1.53116323	          0.27937203	          1.21469307	
          1.40000000	          0.38103525	         -0.88543293	          0.26612150	         -0.06815723	          0.26015190	          0.96315917	         -0.92204486	         -0.38513570	          0.03877839	         -1.53055640	          0.26936719	          1.16441322	
          1.41000000	          0.30263788	         -0.91701178	          0.25980704	         -0.07518921	          0.24876987	          0.96563975	         -0.95013520	         -0.31177386	          0.00633780	         -1.56423311	          0.26282238	          1.25202517	
          1.42000000	          0.30402189	         -0.91887655	          0.25146885	         -0.08042427	          0.23826594	          0.96786429	         -0.94926426	         -0.31447613	         -0.00146192	         -1.57230678	          0.25419758	          1.25127107	
          1.43000000	          0.30450936	         -0.92092212	          0.24326222	         -0.08397845	          0.22843946	          0.96992940	         -0.94880012	         -0.31578136	         -0.00777566	         -1.57881288	          0.24572769	          1.25145639	
          1.44000000	          0.30138768	         -0.92415893	          0.23472480	         -0.08625461	          0.21873726	          0.97196407	         -0.94959234	         -0.31318409	         -0.01378825	         -1.58498135	          0.23693545	          1.25555081	
          1.45000000	          0.29606961	         -0.92815274	          0.22555547	         -0.08775131	          0.20871324	          0.97403208	         -0.95112696	         -0.30817408	         -0.01965297	         -1.59097052	          0.22751316	          1.26201163	
          1.46000000	          0.29000961	         -0.93237692	          0.21579551	         -0.08906728	          0.19821221	          0.97610396	         -0.95287011	         -0.30229984	         -0.02556083	         -1.59697693	          0.21750647	          1.26923910	
          1.47000000	          0.28420068	         -0.93645047	          0.20564653	         -0.09087385	          0.18721525	          0.97810654	         -0.95444849	         -0.29666644	         -0.03189215	         -1.60339079	          0.20712431	          1.27614339	
          1.48000000	          0.27911943	         -0.94017745	          0.19534256	         -0.09382793	          0.17575121	          0.97995297	         -0.95566138	         -0.29185250	         -0.03915933	         -1.61073549	          0.19660672	          1.28220481	
          1.49000000	          0.27491073	         -0.94348570	          0.18509142	         -0.09849794	          0.16385949	          0.98155398	         -0.95641113	         -0.28807084	         -0.04788467	         -1.61954223	          0.18616489	          1.28726852	
          1.50000000	          0.27156815	         -0.94636450	          0.17505708	         -0.10530738	          0.15158147	          0.98281912	         -0.95664053	         -0.28533717	         -0.05849446	         -1.63024322	          0.17596375	          1.29134594	
          1.51000000	          0.26905379	         -0.94882365	          0.16535946	         -0.11449025	          0.13896463	          0.98365686	         -0.95629600	         -0.28358865	         -0.07124210	         -1.64309585	          0.16612247	          1.29448428	
          1.52000000	          0.26738048	         -0.95086609	          0.15608126	         -0.12605372	          0.12607088	          0.98397998	         -0.95531049	         -0.28277166	         -0.08615131	         -1.65812756	          0.15672203	          1.29667819	
          1.53000000	          0.26669143	         -0.95246208	          0.14728091	         -0.13974815	          0.11298459	          0.98371995	         -0.95359642	         -0.28293191	         -0.10297279	         -1.67509343	          0.14781864	          1.29778563	
          1.54000000	          0.26734657	         -0.95352031	          0.13901378	         -0.15505021	          0.09981715	          0.98285094	         -0.95104429	         -0.28431594	         -0.12115775	         -1.69344929	          0.13946545	          1.29743670	
          1.55000000	          0.26995479	         -0.95387114	          0.13135546	         -0.17117123	          0.08670584	          0.98141862	         -0.94753619	         -0.28742293	         -0.13986864	         -1.71235983	          0.13173616	          1.29499892	
          1.56000000	          0.27520310	         -0.95330482	          0.12439119	         -0.18710178	          0.07380447	          0.97956410	         -0.94300381	         -0.29285289	         -0.15805381	         -1.73076875	          0.12471424	          1.28975397	
          1.57000000	          0.28287403	         -0.95186589	          0.11804067	         -0.20173983	          0.06126941	          0.97752090	         -0.93770108	         -0.30032878	         -0.17469774	         -1.74764440	          0.11831653	          1.28193011	
          1.58000000	          0.27659438	         -0.95480540	          0.10882184	         -0.21413672	          0.04915545	          0.97556610	         -0.93682496	         -0.29313886	         -0.19086278	         -1.76399907	          0.10903777	          1.28882796	
          1.59000000	          0.28365269	         -0.95348862	          0.10198330	         -0.22429599	          0.03743031	          0.97380197	         -0.93232637	         -0.29909600	         -0.20324647	         -1.77655688	          0.10216091	          1.28164448	
          1.60000000	          0.27805352	         -0.95615098	          0.09198666	         -0.23167683	          0.02618101	          0.97244044	         -0.93220818	         -0.29170166	         -0.21423831	         -1.78764226	          0.09211689	          1.28779648	
          1.61000000	          0.28756776	         -0.95397458	          0.08507227	         -0.23653668	          0.01533324	          0.97150156	         -0.92809223	         -0.29949524	         -0.22124064	         -1.79470827	          0.08517522	          1.27801735	
          1.62000000	          0.28377611	         -0.95598119	          0.07463968	         -0.23902161	          0.00486063	          0.97100208	         -0.92862252	         -0.29338769	         -0.22712083	         -1.80056896	          0.07470916	          1.28223858	
          1.63000000	          0.28106904	         -0.95754359	          0.06411296	         -0.24042459	         -0.00558153	          0.97065177	         -0.92908353	         -0.28823449	         -0.23178582	         -1.80520068	          0.06415696	          1.28528461	
          1.64000000	          0.28299147	         -0.95755262	          0.05485261	         -0.24195142	         -0.01593073	          0.97015758	         -0.92810309	         -0.28781799	         -0.23618948	         -1.80960534	          0.05488015	          1.28343977	
          1.65000000	          0.27389163	         -0.96080677	          0.04282192	         -0.24388310	         -0.02631532	          0.96944754	         -0.93032489	         -0.27596711	         -0.24153208	         -1.81496922	          0.04283502	          1.29309778	
          1.66000000	          0.27249220	         -0.96158762	          0.03312482	         -0.24694376	         -0.03662094	          0.96833759	         -0.92992837	         -0.27204441	         -0.24743698	         -1.82097064	          0.03313088	          1.29465852	
          1.67000000	          0.27351065	         -0.96155734	          0.02448266	         -0.25083841	         -0.04673115	          0.96690035	         -0.92858603	         -0.27059874	         -0.25397698	         -1.82766492	          0.02448511	          1.29367010	
          1.68000000	          0.26867921	         -0.96312075	          0.01448792	         -0.25523272	         -0.05668214	          0.96521676	         -0.92879909	         -0.26303147	         -0.26104924	         -1.83493369	          0.01448843	          1.29874549	
          1.69000000	          0.27023573	         -0.96277140	          0.00662458	         -0.26073292	         -0.06655695	          0.96311397	         -0.92681767	         -0.26199505	         -0.26901227	         -1.84316980	          0.00662463	          1.29715231	
          1.70000000	          0.27099191	         -0.96258070	         -0.00133279	         -0.26673410	         -0.07642293	          0.96073537	         -0.92488719	         -0.25999601	         -0.27746309	         -1.85194909	         -0.00133279	          1.29637273	
          1.71000000	          0.27097067	         -0.96253883	         -0.00969005	         -0.27302557	         -0.08650670	          0.95810940	         -0.92305576	         -0.25697391	         -0.28623849	         -1.86110911	         -0.00969021	          1.29638183	
          1.72000000	          0.34712033	         -0.93779783	          0.00653511	         -0.27983013	         -0.09692147	          0.95514466	         -0.89509920	         -0.33337885	         -0.29606750	         -1.87137588	          0.00653516	          1.21628967	
          1.73000000	          0.34444559	         -0.93880337	         -0.00233841	         -0.28729343	         -0.10777822	          0.95175960	         -0.89376715	         -0.32715759	         -0.30683577	         -1.88266385	         -0.00233841	          1.21914715	
          1.74000000	          0.34380570	         -0.93897912	         -0.01076338	         -0.29547649	         -0.11905392	          0.94790285	         -0.89134240	         -0.32271407	         -0.31837767	         -1.89483340	         -0.01076359	          1.21980846	
          1.75000000	          0.34375768	         -0.93886194	         -0.01920699	         -0.30408983	         -0.13064514	          0.94364253	         -0.88845936	         -0.31854372	         -0.33040864	         -1.90759742	         -0.01920817	          1.21981326	
          1.76000000	          0.34329829	         -0.93880716	         -0.02806073	         -0.31266849	         -0.14240533	          0.93912680	         -0.88565496	         -0.31362692	         -0.34242292	         -1.92043441	         -0.02806442	          1.22022597	
          1.77000000	          0.34233633	         -0.93883259	         -0.03740605	         -0.32072219	         -0.15418330	          0.93453988	         -0.88314388	         -0.30793000	         -0.35388699	         -1.93278511	         -0.03741478	          1.22113879	
          1.78000000	          0.34113182	         -0.93883118	         -0.04717086	         -0.32782704	         -0.16584905	          0.93006641	         -0.88099859	         -0.30181137	         -0.36435064	         -1.94416779	         -0.04718837	          1.22227120	
          1.79000000	          0.33991494	         -0.93871123	         -0.05726308	         -0.33369168	         -0.17731139	          0.92585665	         -0.87926543	         -0.29560429	         -0.37351092	         -1.95424920	         -0.05729442	          1.22337577	
          1.80000000	          0.33880718	         -0.93842363	         -0.06760760	         -0.33819711	         -0.18852646	          0.92199810	         -0.87797062	         -0.28951488	         -0.38124628	         -1.96288625	         -0.06765921	          1.22432158	
          1.81000000	          0.33786723	         -0.93794480	         -0.07813636	         -0.34140178	         -0.19949668	          0.91850199	         -0.87709211	         -0.28365583	         -0.38761941	         -1.97013390	         -0.07821608	          1.22504529	
          1.82000000	          0.33714339	         -0.93725835	         -0.08877568	         -0.34350820	         -0.21026091	          0.91531004	         -0.87654803	         -0.27809555	         -0.39284401	         -1.97621251	         -0.08889270	          1.22549543	
          1.83000000	          0.33669744	         -0.93634677	         -0.09944628	         -0.34479931	         -0.22087945	          0.91231886	         -0.87621246	         -0.27288641	         -0.39722126	         -1.98144060	         -0.09961092	          1.22560706	
          1.84000000	          0.33660488	         -0.93519040	         -0.11007303	         -0.34556386	         -0.23141841	          0.90941252	         -0.87594679	         -0.26807543	         -0.40106457	         -1.98615326	         -0.11029652	          1.22530101	
          1.85000000	          0.33694540	         -0.93376892	         -0.12059606	         -0.34603499	         -0.24193794	          0.90649093	         -0.87562982	         -0.26370749	         -0.40463660	         -1.99063319	         -0.12089030	          1.22449332	
          1.86000000	          0.33779378	         -0.93206253	         -0.13097632	         -0.34635939	         -0.25248652	          0.90348532	         -0.87517458	         -0.25982685	         -0.40811698	         -1.99507472	         -0.13135372	          1.22310415	
          1.87000000	          0.33921262	         -0.93005307	         -0.14119520	         -0.34659902	         -0.26310027	          0.90035958	         -0.87453068	         -0.25647521	         -0.41160242	         -1.99958305	         -0.14166861	          1.22106510	
          1.88000000	          0.34124306	         -0.92772626	         -0.15125196	         -0.34675398	         -0.27380477	          0.89710235	         -0.87367892	         -0.25368273	         -0.41512675	         -2.00419566	         -0.15183468	          1.21832882	
          1.89000000	          0.34389623	         -0.92507451	         -0.16115998	         -0.34679352	         -0.28461724	          0.89371544	         -0.87262228	         -0.25145613	         -0.41868864	         -2.00891226	         -0.16186589	          1.21487822	
          1.90000000	          0.34715520	         -0.92209721	         -0.17093862	         -0.34668818	         -0.29554845	          0.89020134	         -0.87137281	         -0.24977562	         -0.42228138	         -2.01372737	         -0.17178224	          1.21072491	
          1.91000000	          0.35098993	         -0.91879798	         -0.18059997	         -0.34643821	         -0.30660447	          0.88655190	         -0.86993485	         -0.24860406	         -0.42592180	         -2.01866176	         -0.18159642	          1.20589419	
          1.92000000	          0.35537457	         -0.91518141	         -0.19013655	         -0.34609235	         -0.31778800	          0.88274055	         -0.86829085	         -0.24789873	         -0.42967106	         -2.02378520	         -0.19130124	          1.20040753	
          1.93000000	          0.36029444	         -0.91125238	         -0.19951694	         -0.34575156	         -0.32909874	          0.87872059	         -0.86639701	         -0.24761485	         -0.43363938	         -2.02922198	         -0.20086493	          1.19427574	
          1.94000000	          0.36574000	         -0.90701831	         -0.20869126	         -0.34555539	         -0.34053277	          0.87443062	         -0.86419079	         -0.24769987	         -0.43797152	         -2.03513554	         -0.21023656	          1.18750572	
