name C:\Users\u0101727\Documents\MyRepositories\upper-imu-dc\Results\main_mocap_tracking\Case_10\FLX01_orientations_groundFrame.mot
datacolumns 13
datarows 600
range 0.510000 6.500000
endheader 
time	radius_imu_[0][0]	radius_imu_[0][1]	radius_imu_[0][2]	radius_imu_[1][0]	radius_imu_[1][1]	radius_imu_[1][2]	radius_imu_[2][0]	radius_imu_[2][1]	radius_imu_[2][2]	radius_imu_x	radius_imu_y	radius_imu_z	
          0.51000000	          0.71900884	         -0.05757971	          0.69261163	         -0.13858309	          0.96467141	          0.22406203	         -0.68104406	         -0.25708685	          0.68562770	         -0.31585763	          0.76510346	          0.07991152	
          0.52000000	          0.70992447	         -0.05900240	          0.70180194	         -0.14123814	          0.96431339	          0.22394526	         -0.68997032	         -0.25810542	          0.67625628	         -0.31978825	          0.77792385	          0.08292025	
          0.53000000	          0.69910131	         -0.06128853	          0.71239110	         -0.14410889	          0.96379721	          0.22433804	         -0.70034990	         -0.25949691	          0.66495967	         -0.32537995	          0.79289952	          0.08744403	
          0.54000000	          0.68737338	         -0.06427947	          0.72345421	         -0.14685910	          0.96320051	          0.22511591	         -0.71130180	         -0.26098452	          0.65263836	         -0.33215286	          0.80879269	          0.09324346	
          0.55000000	          0.67631057	         -0.06744138	          0.73352278	         -0.14928314	          0.96258742	          0.22614157	         -0.72133110	         -0.26244452	          0.64094019	         -0.33919186	          0.82349067	          0.09939096	
          0.56000000	          0.67144101	         -0.06860902	          0.73787518	         -0.15139596	          0.96200468	          0.22721411	         -0.72542831	         -0.26427219	          0.63554227	         -0.34335146	          0.82991674	          0.10182833	
          0.57000000	          0.66713339	         -0.07010460	          0.74163224	         -0.15292117	          0.96147171	          0.22844531	         -0.72907349	         -0.26581476	          0.63070941	         -0.34750511	          0.83550035	          0.10469908	
          0.58000000	          0.66429139	         -0.07201399	          0.74399660	         -0.15353312	          0.96097914	          0.23010142	         -0.73153573	         -0.26708251	          0.62731364	         -0.35156623	          0.83903189	          0.10798553	
          0.59000000	          0.66271275	         -0.07457420	          0.74515132	         -0.15314061	          0.96050667	          0.23232496	         -0.73304827	         -0.26807764	          0.62511968	         -0.35582938	          0.84076172	          0.11205730	
          0.60000000	          0.66263214	         -0.07772990	          0.74490047	         -0.15174444	          0.96003706	          0.23516475	         -0.73341139	         -0.26886223	          0.62435634	         -0.36021777	          0.84038564	          0.11677110	
          0.61000000	          0.66436596	         -0.08136026	          0.74296593	         -0.14934895	          0.95955808	          0.23862770	         -0.73233378	         -0.26949730	          0.62534666	         -0.36453798	          0.83749073	          0.12185626	
          0.62000000	          0.66819522	         -0.08536566	          0.73907229	         -0.14592865	          0.95906051	          0.24270922	         -0.72953408	         -0.27002896	          0.62838236	         -0.36859222	          0.83169213	          0.12706724	
          0.63000000	          0.67429783	         -0.08969478	          0.73299200	         -0.14143146	          0.95853542	          0.24740045	         -0.72478933	         -0.27048972	          0.63365269	         -0.37223395	          0.82271006	          0.13224320	
          0.64000000	          0.68267482	         -0.09434427	          0.72460627	         -0.13581006	          0.95797112	          0.25267956	         -0.71799075	         -0.27090679	          0.64116986	         -0.37540244	          0.81046291	          0.13732811	
          0.65000000	          0.69308327	         -0.09934548	          0.71397903	         -0.12906743	          0.95735042	          0.25849906	         -0.70920884	         -0.27131281	          0.65070130	         -0.37814403	          0.79516484	          0.14236870	
          0.66000000	          0.70500913	         -0.10474687	          0.70142015	         -0.12129859	          0.95664923	          0.26478085	         -0.69874801	         -0.27175419	          0.66174079	         -0.38061649	          0.77738805	          0.14749620	
          0.67000000	          0.71771063	         -0.11059551	          0.68750279	         -0.11271099	          0.95583728	          0.27142463	         -0.68715914	         -0.27229346	          0.67354925	         -0.38306983	          0.75804461	          0.15289227	
          0.68000000	          0.73033293	         -0.11692027	          0.67301075	         -0.10361385	          0.95488106	          0.27832773	         -0.67518737	         -0.27300514	          0.68526653	         -0.38580526	          0.73827188	          0.15874471	
          0.69000000	          0.74205452	         -0.12372062	          0.65882342	         -0.09437923	          0.95374807	          0.28540703	         -0.66366230	         -0.27396682	          0.69605641	         -0.38912663	          0.71925371	          0.16520751	
          0.70000000	          0.75220876	         -0.13096603	          0.64577851	         -0.08538858	          0.95241070	          0.29261347	         -0.65336879	         -0.27524853	          0.70522867	         -0.39330190	          0.70204247	          0.17238065	
          0.71000000	          0.76034225	         -0.13860629	          0.63456124	         -0.07698262	          0.95084859	          0.29993439	         -0.64494445	         -0.27690297	          0.71230008	         -0.39854458	          0.68744069	          0.18031464	
          0.72000000	          0.76620827	         -0.14658821	          0.62564909	         -0.06942775	          0.94904894	          0.30738557	         -0.63883070	         -0.27895878	          0.71699186	         -0.40501355	          0.67596331	          0.18903217	
          0.73000000	          0.76972006	         -0.15487106	          0.61931089	         -0.06290391	          0.94700525	          0.31499867	         -0.63527484	         -0.28141787	          0.71918694	         -0.41282395	          0.66786472	          0.19855336	
          0.74000000	          0.77089329	         -0.16343536	          0.61563985	         -0.05751033	          0.94471519	          0.32280918	         -0.63436275	         -0.28425708	          0.71887538	         -0.42206153	          0.66319767	          0.20891437	
          0.75000000	          0.76979976	         -0.17228292	          0.61459493	         -0.05328187	          0.94217859	          0.33084824	         -0.63605768	         -0.28743366	          0.71610929	         -0.43279481	          0.66187237	          0.22017412	
          0.76000000	          0.76654168	         -0.18142986	          0.61603333	         -0.05020777	          0.93939560	          0.33913873	         -0.64022889	         -0.29089363	          0.71097669	         -0.44508216	          0.66369709	          0.23240935	
          0.77000000	          0.76124283	         -0.19089699	          0.61973196	         -0.04824776	          0.93636554	          0.34769487	         -0.64666956	         -0.29458091	          0.70359120	         -0.45897412	          0.66840112	          0.24570339	
          0.78000000	          0.75404689	         -0.20070239	          0.62540534	         -0.04734344	          0.93308602	          0.35652361	         -0.65511212	         -0.29844436	          0.69408867	         -0.47451354	          0.67565089	          0.26013583	
          0.79000000	          0.74511614	         -0.21085837	          0.63272481	         -0.04742478	          0.92955268	          0.36562647	         -0.66524644	         -0.30244102	          0.68262479	         -0.49173475	          0.68506689	          0.27577663	
          0.80000000	          0.73462762	         -0.22137232	          0.64133966	         -0.04841285	          0.92575944	          0.37500087	         -0.67674106	         -0.30653507	          0.66937119	         -0.51066231	          0.69624303	          0.29268524	
          0.81000000	          0.72276797	         -0.23224957	          0.65089676	         -0.05021979	          0.92169918	          0.38464087	         -0.68926369	         -0.31069400	          0.65451112	         -0.53130889	          0.70876509	          0.31091212	
          0.82000000	          0.70973222	         -0.24349487	          0.66105251	         -0.05274764	          0.91736447	          0.39453786	         -0.70249403	         -0.31488519	          0.63823934	         -0.55366987	          0.72222061	          0.33049668	
          0.83000000	          0.69572907	         -0.25511013	          0.67147590	         -0.05588795	          0.91274809	          0.40468192	         -0.71612681	         -0.31907638	          0.62076780	         -0.57771357	          0.73619870	          0.35145679	
          0.84000000	          0.68098621	         -0.26709026	          0.68185084	         -0.05952508	          0.90784285	          0.41506400	         -0.72987297	         -0.32324009	          0.60232989	         -0.60337129	          0.75028989	          0.37377371	
          0.85000000	          0.66574509	         -0.27942094	          0.69188685	         -0.06354485	          0.90264051	          0.42567847	         -0.74346858	         -0.32735919	          0.58317273	         -0.63053567	          0.76409913	          0.39738281	
          0.86000000	          0.65024346	         -0.29208012	          0.70133633	         -0.06784646	          0.89713042	          0.43652476	         -0.75669036	         -0.33143056	          0.56353659	         -0.65907046	          0.77727045	          0.42217662	
          0.87000000	          0.63469703	         -0.30504209	          0.71000634	         -0.07235045	          0.89129846	          0.44760749	         -0.76936668	         -0.33546442	          0.54363456	         -0.68882402	          0.78950721	          0.44801607	
          0.88000000	          0.61929666	         -0.31828109	          0.71775260	         -0.07699414	          0.88512758	          0.45893471	         -0.78137286	         -0.33947948	          0.52365077	         -0.71963012	          0.80056929	          0.47473702	
          0.89000000	          0.60422960	         -0.33177257	          0.72445397	         -0.08170991	          0.87860025	          0.47051576	         -0.79260967	         -0.34349462	          0.50376717	         -0.75128229	          0.81024194	          0.50213938	
          0.90000000	          0.58971791	         -0.34549248	          0.72997790	         -0.08638954	          0.87170271	          0.48236007	         -0.80297549	         -0.34751882	          0.48421176	         -0.78348243	          0.81828962	          0.52995799	
          0.91000000	          0.57605728	         -0.35941609	          0.73415126	         -0.09084448	          0.86442978	          0.49447794	         -0.81234555	         -0.35154121	          0.46531010	         -0.81577868	          0.82441583	          0.55782535	
          0.92000000	          0.56364162	         -0.37351624	          0.73674538	         -0.09477449	          0.85678917	          0.50688274	         -0.82056439	         -0.35552488	          0.44752222	         -0.84751452	          0.82824433	          0.58524025	
          0.93000000	          0.55296330	         -0.38776026	          0.73747785	         -0.09775573	          0.84880376	          0.51959215	         -0.82745115	         -0.35940807	          0.43145154	         -0.87781195	          0.82932823	          0.61155803	
          0.94000000	          0.54457792	         -0.40210810	          0.73603259	         -0.09925640	          0.84051117	          0.53262477	         -0.83281634	         -0.36311163	          0.41781202	         -0.90561565	          0.82719078	          0.63602589	
          0.95000000	          0.53902790	         -0.41651409	          0.73209626	         -0.09868442	          0.83195984	          0.54598920	         -0.83648688	         -0.36654991	          0.40734611	         -0.92981522	          0.82139418	          0.65787993	
          0.96000000	          0.53673214	         -0.43093280	          0.72540714	         -0.09546729	          0.82320172	          0.55966500	         -0.83833442	         -0.36964285	          0.40069884	         -0.94943779	          0.81162571	          0.67649605	
          0.97000000	          0.53786330	         -0.44532571	          0.71581288	         -0.08915965	          0.81428226	          0.57358082	         -0.83830402	         -0.37232970	          0.39826746	         -0.96387048	          0.79778751	          0.69155478	
          0.98000000	          0.54224086	         -0.45966622	          0.70333621	         -0.07956581	          0.80522972	          0.58760053	         -0.83644733	         -0.37458253	          0.40005474	         -0.97305387	          0.78007989	          0.70316655	
          0.99000000	          0.54927490	         -0.47394065	          0.68824221	         -0.06685296	          0.79604665	          0.60153172	         -0.83296324	         -0.37641730	          0.40556411	         -0.97758339	          0.75906333	          0.71190575	
          1.00000000	          0.55799820	         -0.48814031	          0.67108646	         -0.05162014	          0.78670794	          0.61516337	         -0.82823509	         -0.37790163	          0.41378375	         -0.97866944	          0.73567328	          0.71872025	
          1.01000000	          0.56719727	         -0.50225027	          0.65271121	         -0.03488379	          0.77716519	          0.62832905	         -0.82284286	         -0.37915556	          0.42328558	         -0.97796185	          0.71115760	          0.72474317	
          1.02000000	          0.57553835	         -0.51630224	          0.63418262	         -0.01794647	          0.76733688	          0.64099301	         -0.81757784	         -0.38029740	          0.43236600	         -0.97737285	          0.68695091	          0.73119786	
          1.03000000	          0.58179287	         -0.53035172	          0.61663937	         -0.00221037	          0.75712596	          0.65326518	         -0.81333399	         -0.38142803	          0.43931821	         -0.97876890	          0.66446669	          0.73917709	
          1.04000000	          0.58503272	         -0.54444084	          0.60109974	          0.01102455	          0.74644481	          0.66535600	         -0.81093476	         -0.38262817	          0.44269685	         -0.98370349	          0.64487649	          0.74947486	
          1.05000000	          0.58471422	         -0.55859773	          0.58828382	          0.02074494	          0.73522536	          0.67750521	         -0.81097406	         -0.38394302	          0.44148480	         -0.99327394	          0.62893494	          0.76255930	
          1.06000000	          0.58064476	         -0.57286577	          0.57851230	          0.02635763	          0.72342029	          0.68990461	         -0.81373026	         -0.38534128	          0.43514958	         -1.00808090	          0.61690362	          0.77865451	
          1.07000000	          0.57295737	         -0.58730863	          0.57165412	          0.02776484	          0.71100066	          0.70264299	         -0.81911475	         -0.38671259	          0.42367960	         -1.02818861	          0.60852044	          0.79776647	
          1.08000000	          0.56218240	         -0.60192730	          0.56712827	          0.02535693	          0.69797797	          0.71567016	         -0.82662445	         -0.38795654	          0.40765396	         -1.05302107	          0.60301497	          0.81952679	
          1.09000000	          0.54916448	         -0.61662836	          0.56408142	          0.01992329	          0.68443725	          0.72879950	         -0.83547677	         -0.38899244	          0.38815389	         -1.08141516	          0.59932037	          0.84320322	
          1.10000000	          0.53490669	         -0.63129059	          0.56155768	          0.01254816	          0.67049750	          0.74180566	         -0.84481796	         -0.38975029	          0.36657513	         -1.11182680	          0.59626713	          0.86785877	
          1.11000000	          0.52040206	         -0.64579271	          0.55868906	          0.00441471	          0.65628885	          0.75449683	         -0.85390995	         -0.39017525	          0.34438506	         -1.14259705	          0.59280433	          0.89250786	
          1.12000000	          0.50646259	         -0.66002766	          0.55485055	         -0.00342264	          0.64193870	          0.76674833	         -0.86225514	         -0.39022839	          0.32285890	         -1.17225450	          0.58818332	          0.91629256	
          1.13000000	          0.49359393	         -0.67391333	          0.54973253	         -0.01022799	          0.62755804	          0.77850260	         -0.86963235	         -0.38988681	          0.30286606	         -1.19977667	          0.58204401	          0.93863557	
          1.14000000	          0.48195029	         -0.68739902	          0.54332909	         -0.01568216	          0.61323156	          0.78974750	         -0.87605821	         -0.38913962	          0.28476723	         -1.22472730	          0.57439752	          0.95931801	
          1.15000000	          0.47137946	         -0.70046538	          0.53586347	         -0.01986696	          0.59901491	          0.80049138	         -0.88170670	         -0.38798117	          0.26844721	         -1.24722915	          0.56553011	          0.97845507	
          1.16000000	          0.46153634	         -0.71311827	          0.52768034	         -0.02314769	          0.58493993	          0.81074624	         -0.88681925	         -0.38640343	          0.25346400	         -1.26779258	          0.55586744	          0.99638587	
          1.17000000	          0.45202018	         -0.72538051	          0.51913473	         -0.02599257	          0.57102630	          0.82052017	         -0.89162893	         -0.38438533	          0.23926090	         -1.28706678	          0.54583826	          1.01352914	
          1.18000000	          0.44248499	         -0.73728812	          0.51050295	         -0.02878106	          0.55729606	          0.82981489	         -0.89631394	         -0.38187345	          0.22537521	         -1.30559663	          0.53576960	          1.03026502	
          1.19000000	          0.43268261	         -0.74889720	          0.50193500	         -0.03165261	          0.54378674	          0.83862631	         -0.90099049	         -0.37874658	          0.21158252	         -1.32365738	          0.52583457	          1.04689054	
          1.20000000	          0.42247826	         -0.76027942	          0.49344434	         -0.03443829	          0.53055830	          0.84694858	         -0.90571857	         -0.37481074	          0.19796663	         -1.34117779	          0.51604535	          1.06359652	
          1.21000000	          0.41198482	         -0.77144888	          0.48490735	         -0.03669086	          0.51769208	          0.85477991	         -0.91045170	         -0.36994801	          0.18497616	         -1.35768041	          0.50625722	          1.08028873	
          1.22000000	          0.40241582	         -0.78199444	          0.47596870	         -0.03781024	          0.50528353	          0.86212466	         -0.91467584	         -0.36492910	          0.17376669	         -1.37190474	          0.49606517	          1.09553555	
          1.23000000	          0.36954343	         -0.80115508	          0.47073155	         -0.03724226	          0.49341446	          0.86899665	         -0.92846684	         -0.33866311	          0.15250125	         -1.39707411	          0.49011975	          1.13861542	
          1.24000000	          0.37107115	         -0.80709977	          0.45923433	         -0.03483435	          0.48209591	          0.87542567	         -0.92795084	         -0.34084234	          0.15077709	         -1.40023681	          0.47713307	          1.13985675	
          1.25000000	          0.36320150	         -0.81632134	          0.44911485	         -0.03091176	          0.47120946	          0.88147950	         -0.93119769	         -0.33403760	          0.14591005	         -1.40675518	          0.46577441	          1.15217106	
          1.26000000	          0.35919894	         -0.82391281	          0.43834212	         -0.02595074	          0.46068926	          0.88718204	         -0.93290015	         -0.33005015	          0.14409794	         -1.40978035	          0.45375331	          1.15967318	
          1.27000000	          0.35686207	         -0.83067180	          0.42735679	         -0.02096642	          0.45024106	          0.89266085	         -0.93392177	         -0.32751694	          0.14325774	         -1.41166923	          0.44156711	          1.16503035	
          1.28000000	          0.35525009	         -0.83704311	          0.41612042	         -0.01680264	          0.43936748	          0.89815026	         -0.93462027	         -0.32605988	          0.14202081	         -1.41396893	          0.42917462	          1.16942489	
          1.29000000	          0.35400277	         -0.84325680	          0.40447498	         -0.01392232	          0.42768114	          0.90382245	         -0.93514074	         -0.32558688	          0.13966022	         -1.41748709	          0.41640468	          1.17333476	
          1.30000000	          0.35263900	         -0.84951793	          0.39238378	         -0.01250302	          0.41500628	          0.90973263	         -0.93567591	         -0.32571319	          0.13572587	         -1.42269558	          0.40322179	          1.17733673	
          1.31000000	          0.35081825	         -0.85590631	          0.37993545	         -0.01264050	          0.40135648	          0.91583470	         -0.93635825	         -0.32609410	          0.12998409	         -1.42980834	          0.38972651	          1.18180246	
          1.32000000	          0.34836091	         -0.86239305	          0.36731855	         -0.01451023	          0.38685651	          0.92202576	         -0.93724817	         -0.32652760	          0.12225217	         -1.43897439	          0.37612439	          1.18689218	
          1.33000000	          0.34519428	         -0.86889002	          0.35478308	         -0.01841442	          0.37167639	          0.92817971	         -0.93835059	         -0.32693545	          0.11230045	         -1.45039158	          0.36268205	          1.19263534	
          1.34000000	          0.34131091	         -0.87529370	          0.34258985	         -0.02472002	          0.35599165	          0.93416212	         -0.93962534	         -0.32730855	          0.09986656	         -1.46429587	          0.34967218	          1.19899344	
          1.35000000	          0.33676533	         -0.88150834	          0.33095643	         -0.03373158	          0.33996715	          0.93983217	         -0.94098422	         -0.32766657	          0.08475448	         -1.48085916	          0.33731695	          1.20587399	
          1.36000000	          0.33167775	         -0.88745732	          0.32001465	         -0.04554763	          0.32375704	          0.94504327	         -0.94229257	         -0.32802574	          0.06696143	         -1.50005914	          0.32574495	          1.21313131	
          1.37000000	          0.32623061	         -0.89308676	          0.30978965	         -0.05995592	          0.30751044	          0.94965394	         -0.94338692	         -0.32837991	          0.04677348	         -1.52158291	          0.31497179	          1.22057058	
          1.38000000	          0.32065154	         -0.89836458	          0.30020604	         -0.07640917	          0.29137550	          0.95355228	         -0.94411028	         -0.32869650	          0.02478671	         -1.54480811	          0.30490865	          1.22796289	
          1.39000000	          0.31518178	         -0.90327722	          0.29111974	         -0.09410447	          0.27549664	          0.95668487	         -0.94435417	         -0.32892531	          0.00182910	         -1.56888441	          0.29539707	          1.23507381	
          1.40000000	          0.31003133	         -0.90782638	          0.28236828	         -0.11216287	          0.26000275	          0.95907146	         -0.94408690	         -0.32901343	         -0.02121541	         -1.59291350	          0.28626196	          1.24170536	
          1.41000000	          0.30532422	         -0.91202915	          0.27382469	         -0.12986484	          0.24498875	          0.96078907	         -0.94335160	         -0.32891237	         -0.04363952	         -1.61618564	          0.27736747	          1.24774917	
          1.42000000	          0.30140024	         -0.91580060	          0.26545650	         -0.14684950	          0.23049741	          0.96192836	         -0.94212160	         -0.32890760	         -0.06501289	         -1.63827970	          0.26867738	          1.25285048	
          1.43000000	          0.29246707	         -0.92115460	          0.25678244	         -0.16317364	          0.21651329	          0.96254681	         -0.94225123	         -0.32341337	         -0.08698514	         -1.66092129	          0.25969154	          1.26336233	
          1.44000000	          0.29423046	         -0.92264049	          0.24932501	         -0.17922923	          0.20297794	          0.96264056	         -0.93877863	         -0.32792451	         -0.10564185	         -1.68010068	          0.25198319	          1.26209112	
          1.45000000	          0.29050696	         -0.92585915	          0.24164134	         -0.19543606	          0.18979759	          0.96217546	         -0.93670190	         -0.32674410	         -0.12580874	         -1.70081319	          0.24405696	          1.26675473	
          1.46000000	          0.28735765	         -0.92871400	          0.23434137	         -0.21209642	          0.17688916	          0.96110631	         -0.93404534	         -0.32588422	         -0.14614646	         -1.72170097	          0.23654102	          1.27072484	
          1.47000000	          0.28440050	         -0.93136234	          0.22733354	         -0.22922132	          0.16418875	          0.95942673	         -0.93089954	         -0.32497113	         -0.16679274	         -1.74292231	          0.22933865	          1.27442969	
          1.48000000	          0.28172066	         -0.93381255	          0.22051662	         -0.24654249	          0.15165852	          0.95719198	         -0.92728112	         -0.32402748	         -0.18749913	         -1.76423162	          0.22234410	          1.27779102	
          1.49000000	          0.27943507	         -0.93606660	          0.21376474	         -0.26361850	          0.13928297	          0.95451849	         -0.92326666	         -0.32307828	         -0.20784392	         -1.78519702	          0.21542716	          1.28069742	
          1.50000000	          0.27765968	         -0.93812413	          0.20694978	         -0.27994885	          0.12705847	          0.95156964	         -0.91898517	         -0.32214788	         -0.22734775	         -1.80531862	          0.20845621	          1.28303785	
          1.51000000	          0.27647957	         -0.93998533	          0.19996654	         -0.29508893	          0.11498825	          0.94852529	         -0.91459366	         -0.32125578	         -0.24558736	         -1.82414776	          0.20132377	          1.28473186	
          1.52000000	          0.27593945	         -0.94165213	          0.19273996	         -0.30870958	          0.10307526	          0.94555480	         -0.91025041	         -0.32041654	         -0.26225450	         -1.84135079	          0.19395370	          1.28573926	
          1.53000000	          0.27604534	         -0.94312800	          0.18522565	         -0.32061523	          0.09131941	          0.94279724	         -0.90609318	         -0.31964095	         -0.27717290	         -1.85673022	          0.18630148	          1.28605819	
          1.54000000	          0.27677349	         -0.94441773	          0.17740233	         -0.33071758	          0.07971856	          0.94035676	         -0.90223185	         -0.31893589	         -0.29027157	         -1.87019945	          0.17834628	          1.28571624	
          1.55000000	          0.27808031	         -0.94552729	          0.16926158	         -0.33899675	          0.06826988	          0.93830721	         -0.89875055	         -0.31830389	         -0.30154616	         -1.88174381	          0.17008039	          1.28476041	
          1.56000000	          0.27990763	         -0.94646372	          0.16080467	         -0.34549242	          0.05696815	          0.93669078	         -0.89570459	         -0.31774369	         -0.31105022	         -1.89141264	          0.16150588	          1.28325192	
          1.57000000	          0.28218390	         -0.94723478	          0.15204778	         -0.35032854	          0.04580131	          0.93550636	         -0.89310815	         -0.31725151	         -0.31891899	         -1.89934602	          0.15263982	          1.28126467	
          1.58000000	          0.28482707	         -0.94784832	          0.14302832	         -0.35373453	          0.03474757	          0.93470021	         -0.89092392	         -0.31682197	         -0.32538963	         -1.90579704	          0.14352052	          1.27888219	
          1.59000000	          0.28775137	         -0.94831186	          0.13380497	         -0.35603245	          0.02377689	          0.93417105	         -0.88906695	         -0.31644791	         -0.33078796	         -1.91111712	          0.13420749	          1.27619080	
          1.60000000	          0.29087529	         -0.94863239	          0.12445139	         -0.35759557	          0.01285588	          0.93378806	         -0.88742153	         -0.31611913	         -0.33548729	         -1.91571049	          0.12477490	          1.27327184	
          1.61000000	          0.29412748	         -0.94881679	          0.11504664	         -0.35879836	          0.00195358	          0.93341305	         -0.88586273	         -0.31582097	         -0.33985930	         -1.91998017	          0.11530196	          1.27019617	
          1.62000000	          0.29745057	         -0.94887229	          0.10566233	         -0.35995858	         -0.00895254	          0.93292533	         -0.88428105	         -0.31553323	         -0.34421766	         -1.92426638	          0.10585994	          1.26702074	
          1.63000000	          0.30080333	         -0.94880714	          0.09634505	         -0.36126779	         -0.01987005	          0.93225038	         -0.88261143	         -0.31523038	         -0.34875044	         -1.92877356	          0.09649473	          1.26378695	
          1.64000000	          0.30415923	         -0.94863093	          0.08710069	         -0.36273719	         -0.03078729	          0.93138277	         -0.88085691	         -0.31488333	         -0.35346796	         -1.93351404	          0.08721120	          1.26052230	
          1.65000000	          0.30750035	         -0.94835452	          0.07789251	         -0.36420604	         -0.04167579	          0.93038545	         -0.87908902	         -0.31446277	         -0.35821176	         -1.93831768	          0.07797149	          1.25724637	
          1.66000000	          0.31080950	         -0.94798906	          0.06866006	         -0.36543412	         -0.05250144	          0.92935542	         -0.87741402	         -0.31394323	         -0.36274550	         -1.94292965	          0.06871413	          1.25397811	
          1.67000000	          0.31406621	         -0.94754397	          0.05935363	         -0.36624633	         -0.06324106	          0.92836641	         -0.87591441	         -0.31330656	         -0.36689638	         -1.94716350	          0.05938853	          1.25073911	
          1.68000000	          0.31725060	         -0.94702451	          0.04996622	         -0.36665389	         -0.07389628	          0.92741807	         -0.87459532	         -0.31254425	         -0.37067386	         -1.95102998	          0.04998704	          1.24754900	
          1.69000000	          0.32035400	         -0.94642988	          0.04054362	         -0.36687868	         -0.08449701	          0.92642338	         -0.87336896	         -0.31165803	         -0.37429391	         -1.95476372	          0.04055474	          1.24441486	
          1.70000000	          0.32338891	         -0.94575279	          0.03116532	         -0.36726383	         -0.09509203	          0.92524309	         -0.87208766	         -0.31065925	         -0.37809250	         -1.95872980	          0.03117037	          1.24132157	
          1.71000000	          0.32639105	         -0.94498086	          0.02190997	         -0.36813102	         -0.10573283	          0.92374246	         -0.87060234	         -0.30956701	         -0.38238701	         -1.96327396	          0.02191172	          1.23823041	
          1.72000000	          0.32941220	         -0.94409905	          0.01282957	         -0.36967871	         -0.11646020	          0.92183224	         -0.86880680	         -0.30840560	         -0.38737672	         -1.96861535	          0.01282992	          1.23508665	
          1.73000000	          0.33250980	         -0.94309154	          0.00394839	         -0.37197730	         -0.12730012	          0.91947135	         -0.86664302	         -0.30720194	         -0.39313718	         -1.97484068	          0.00394840	          1.23183003	
          1.74000000	          0.33574082	         -0.94194261	         -0.00471485	         -0.37504923	         -0.13826865	          0.91663507	         -0.86406955	         -0.30598351	         -0.39969728	         -1.98198775	         -0.00471487	          1.22840078	
          1.75000000	          0.33916286	         -0.94063622	         -0.01311721	         -0.37897252	         -0.14938079	          0.91327170	         -0.86101590	         -0.30477678	         -0.40713970	         -1.99015494	         -0.01311759	          1.22473843	
          1.76000000	          0.34283922	         -0.93915539	         -0.02117581	         -0.38393043	         -0.16065617	          0.90927829	         -0.85735564	         -0.30360623	         -0.41564958	         -1.99955570	         -0.02117739	          1.22077684	
          1.77000000	          0.34684029	         -0.93748253	         -0.02878050	         -0.39016188	         -0.17211657	          0.90451622	         -0.85292176	         -0.30249361	         -0.42546691	         -2.01046893	         -0.02878447	          1.21644291	
          1.78000000	          0.35123655	         -0.93560093	         -0.03583008	         -0.39783925	         -0.18377699	          0.89886036	         -0.84755933	         -0.30145799	         -0.43676797	         -2.02311099	         -0.03583775	          1.21166382	
          1.79000000	          0.35608562	         -0.93349675	         -0.04227114	         -0.40695190	         -0.19563677	          0.89225355	         -0.84118558	         -0.30051635	         -0.44955172	         -2.03751004	         -0.04228373	          1.20637981	
          1.80000000	          0.36142065	         -0.93116035	         -0.04811982	         -0.41726061	         -0.20767648	          0.88473955	         -0.83382774	         -0.29968463	         -0.46359510	         -2.05345161	         -0.04813841	          1.20055565	
          1.81000000	          0.36724588	         -0.92858632	         -0.05345949	         -0.42833762	         -0.21986163	          0.87646320	         -0.82562543	         -0.29897879	         -0.47849173	         -2.07051308	         -0.05348499	          1.19418459	
          1.82000000	          0.37354032	         -0.92577253	         -0.05841965	         -0.43966070	         -0.23215034	          0.86764318	         -0.81680236	         -0.29841489	         -0.49374331	         -2.08815707	         -0.05845293	          1.18728461	
          1.83000000	          0.38026490	         -0.92271917	         -0.06315020	         -0.45070731	         -0.24450001	          0.85853519	         -0.80762710	         -0.29800854	         -0.50885105	         -2.10582851	         -0.06319225	          1.17989121	
          1.84000000	          0.38736824	         -0.91942839	         -0.06780327	         -0.46101155	         -0.25686999	          0.84940342	         -0.79838224	         -0.29777382	         -0.52337038	         -2.12301520	         -0.06785533	          1.17205172	
          1.85000000	          0.39479050	         -0.91590446	         -0.07252228	         -0.47019010	         -0.26922195	          0.84050033	         -0.78934259	         -0.29772229	         -0.53693548	         -2.13927792	         -0.07258600	          1.16382177	
          1.86000000	          0.40246797	         -0.91215360	         -0.07742957	         -0.47796608	         -0.28152134	          0.83204216	         -0.78074833	         -0.29786161	         -0.54928180	         -2.15428149	         -0.07750715	          1.15526086	
          1.87000000	          0.41034006	         -0.90818319	         -0.08260949	         -0.48419777	         -0.29374099	          0.82417762	         -0.77277005	         -0.29819377	         -0.56027397	         -2.16783457	         -0.08270374	          1.14642559	
          1.88000000	          0.41835604	         -0.90400085	         -0.08809474	         -0.48889223	         -0.30586400	          0.81696487	         -0.76548195	         -0.29871335	         -0.56991904	         -2.17991332	         -0.08820908	          1.13736323	
          1.89000000	          0.42647772	         -0.89961422	         -0.09386697	         -0.49218181	         -0.31788295	          0.81037491	         -0.75886350	         -0.29940723	         -0.57834375	         -2.19064085	         -0.09400537	          1.12810923	
          1.90000000	          0.43467625	         -0.89503163	         -0.09987467	         -0.49426557	         -0.32979513	          0.80432377	         -0.75283339	         -0.30025583	         -0.58573742	         -2.20022227	         -0.10004146	          1.11869074	
          1.91000000	          0.44292551	         -0.89026321	         -0.10605849	         -0.49534472	         -0.34159705	          0.79871463	         -0.74729552	         -0.30123557	         -0.59228923	         -2.20886940	         -0.10625834	          1.10913310	
          1.92000000	          0.45119693	         -0.88532150	         -0.11237067	         -0.49558250	         -0.35328153	          0.79346717	         -0.74217203	         -0.30232101	         -0.59814938	         -2.21675219	         -0.11260851	          1.09946499	
          1.93000000	          0.45945680	         -0.88022131	         -0.11878510	         -0.49508928	         -0.36483756	          0.78853038	         -0.73741850	         -0.30348642	         -0.60341523	         -2.22398010	         -0.11906623	          1.08972073	
          1.94000000	          0.46766404	         -0.87497942	         -0.12530504	         -0.49391476	         -0.37625062	          0.78389009	         -0.73303380	         -0.30470720	         -0.60812414	         -2.23059184	         -0.12563528	          1.07994221	
