name C:\Users\u0101727\Documents\MyRepositories\upper-imu-dc\Results\main_tracking\Case_10\FLX01_orientations_groundFrame.mot
datacolumns 13
datarows 600
range 0.510000 6.500000
endheader 
time	radius_imu_[0][0]	radius_imu_[0][1]	radius_imu_[0][2]	radius_imu_[1][0]	radius_imu_[1][1]	radius_imu_[1][2]	radius_imu_[2][0]	radius_imu_[2][1]	radius_imu_[2][2]	radius_imu_x	radius_imu_y	radius_imu_z	
          0.51000000	          0.71745956	         -0.05657080	          0.69429931	         -0.13882663	          0.96509180	          0.22209227	         -0.68262651	         -0.25572945	          0.68456080	         -0.31371654	          0.76744584	          0.07868597	
          0.52000000	          0.70538086	         -0.05972931	          0.70630748	         -0.14103311	          0.96469447	          0.22242805	         -0.69465639	         -0.25650923	          0.67205320	         -0.31962017	          0.78426842	          0.08447516	
          0.53000000	          0.69152463	         -0.06356364	          0.71955079	         -0.14361238	          0.96413810	          0.22318873	         -0.70793302	         -0.25767691	          0.65759672	         -0.32720113	          0.80315524	          0.09166055	
          0.54000000	          0.68082900	         -0.06626228	          0.72943895	         -0.14633844	          0.96351380	          0.22411208	         -0.71767467	         -0.25932696	          0.64629141	         -0.33379111	          0.81750140	          0.09702032	
          0.55000000	          0.67315172	         -0.06813843	          0.73635855	         -0.14884659	          0.96288280	          0.22516973	         -0.72436970	         -0.26117785	          0.63802404	         -0.33927140	          0.82767243	          0.10087939	
          0.56000000	          0.67204252	         -0.06794084	          0.73738924	         -0.15099563	          0.96228846	          0.22627693	         -0.72495460	         -0.26341027	          0.63643999	         -0.34159757	          0.82919704	          0.10075373	
          0.57000000	          0.66709742	         -0.06968316	          0.74170432	         -0.15257257	          0.96173219	          0.22758032	         -0.72917943	         -0.26498198	          0.63093732	         -0.34617685	          0.83560780	          0.10407979	
          0.58000000	          0.66396237	         -0.07169481	          0.74432105	         -0.15325662	          0.96121546	          0.22929727	         -0.73189233	         -0.26631689	          0.62722319	         -0.35048238	          0.83951760	          0.10756347	
          0.59000000	          0.66228796	         -0.07426796	          0.74555948	         -0.15294026	          0.96072339	          0.23155960	         -0.73347388	         -0.26738520	          0.62491697	         -0.35485885	          0.84137395	          0.11167193	
          0.60000000	          0.66220729	         -0.07739805	          0.74531271	         -0.15161000	          0.96023985	          0.23442233	         -0.73382280	         -0.26823304	          0.62414352	         -0.35928821	          0.84100375	          0.11635100	
          0.61000000	          0.66398174	         -0.08099176	          0.74334957	         -0.14926522	          0.95975227	          0.23789804	         -0.73269921	         -0.26891619	          0.62516873	         -0.36361367	          0.83806407	          0.12137927	
          0.62000000	          0.66786147	         -0.08496370	          0.73942020	         -0.14588096	          0.95925037	          0.24198654	         -0.72984917	         -0.26948081	          0.62825177	         -0.36766077	          0.83220874	          0.12653783	
          0.63000000	          0.67400716	         -0.08926872	          0.73331129	         -0.14140880	          0.95872395	          0.24668187	         -0.72506406	         -0.26996202	          0.63356342	         -0.37129718	          0.82317955	          0.13167839	
          0.64000000	          0.68241484	         -0.09390390	          0.72490830	         -0.13580590	          0.95816011	          0.25196419	         -0.71823864	         -0.27039093	          0.64110998	         -0.37446814	          0.81090127	          0.13674651	
          0.65000000	          0.69284548	         -0.09889751	          0.71427196	         -0.12907927	          0.95754068	          0.25778750	         -0.70943899	         -0.27080461	          0.65066211	         -0.37721982	          0.79558330	          0.14178331	
          0.66000000	          0.70479284	         -0.10429383	          0.70170496	         -0.12132676	          0.95684072	          0.26407511	         -0.69896128	         -0.27125383	          0.66172086	         -0.37970722	          0.77778771	          0.14691185	
          0.67000000	          0.71752080	         -0.11013752	          0.68777440	         -0.11275704	          0.95602922	          0.27072861	         -0.68734980	         -0.27180481	          0.67355207	         -0.38217906	          0.75841870	          0.15230854	
          0.68000000	          0.73017464	         -0.11645827	          0.67326255	         -0.10367897	          0.95507196	          0.27764767	         -0.67534855	         -0.27253445	          0.68529505	         -0.38493860	          0.73861239	          0.15816157	
          0.69000000	          0.74192778	         -0.12325931	          0.65905258	         -0.09446304	          0.95393570	          0.28475150	         -0.66379206	         -0.27352116	          0.69610795	         -0.38829419	          0.71955836	          0.16463021	
          0.70000000	          0.75210554	         -0.13051532	          0.64598994	         -0.08548860	          0.95259224	          0.29199268	         -0.65347452	         -0.27483409	          0.70529233	         -0.39251879	          0.70231941	          0.17182215	
          0.71000000	          0.76024692	         -0.13818066	          0.63476825	         -0.07709445	          0.95102088	          0.29935888	         -0.64504347	         -0.27652377	          0.71235773	         -0.39782920	          0.68770856	          0.17979486	
          0.72000000	          0.76610144	         -0.14620395	          0.62586979	         -0.06954601	          0.94920882	          0.30686475	         -0.63894596	         -0.27861627	          0.71702234	         -0.40438439	          0.67624625	          0.18857400	
          0.73000000	          0.76958388	         -0.15454273	          0.61956210	         -0.06302331	          0.94714987	          0.31453965	         -0.63542798	         -0.28111150	          0.71917147	         -0.41229621	          0.66818471	          0.19817752	
          0.74000000	          0.77071558	         -0.16317293	          0.61593189	         -0.05762663	          0.94484229	          0.32241622	         -0.63456810	         -0.28398528	          0.71880156	         -0.42164488	          0.66356832	          0.20863529	
          0.75000000	          0.76957549	         -0.17209073	          0.61492954	         -0.05339222	          0.94228661	          0.33052263	         -0.63631976	         -0.28719457	          0.71597238	         -0.43249280	          0.66229662	          0.21999840	
          0.76000000	          0.76627165	         -0.18130736	          0.61640523	         -0.05031053	          0.93948379	          0.33887911	         -0.64054400	         -0.29068513	          0.71077813	         -0.44489314	          0.66416930	          0.23233693	
          0.77000000	          0.76093053	         -0.19084076	          0.62013268	         -0.04834198	          0.93643389	          0.34749765	         -0.64702997	         -0.29440001	          0.70333552	         -0.45889313	          0.66891181	          0.24573070	
          0.78000000	          0.75369538	         -0.20070833	          0.62582701	         -0.04742823	          0.93313522	          0.35638355	         -0.65551037	         -0.29828650	          0.69378046	         -0.47453436	          0.67619140	          0.26025911	
          0.79000000	          0.74472619	         -0.21092305	          0.63316219	         -0.04749888	          0.92958399	          0.36553723	         -0.66567767	         -0.30229964	          0.68226693	         -0.49185141	          0.68563184	          0.27599422	
          0.80000000	          0.73419794	         -0.22149321	          0.64178979	         -0.04847439	          0.92577461	          0.37495547	         -0.67720279	         -0.30640190	          0.66896507	         -0.51086950	          0.69682985	          0.29299784	
          0.81000000	          0.72229744	         -0.23242420	          0.65135659	         -0.05026617	          0.92170035	          0.38463201	         -0.68975338	         -0.31055991	          0.65405872	         -0.53160091	          0.70937094	          0.31132094	
          0.82000000	          0.70922277	         -0.24371948	          0.66151634	         -0.05277556	          0.91735411	          0.39455820	         -0.70300626	         -0.31474155	          0.63774600	         -0.55403885	          0.72283894	          0.33100043	
          0.83000000	          0.69518754	         -0.25537882	          0.67193447	         -0.05589365	          0.91272895	          0.40472431	         -0.71665206	         -0.31891617	          0.62024374	         -0.57814795	          0.73681770	          0.35204914	
          0.84000000	          0.68042411	         -0.26739486	          0.68229247	         -0.05950493	          0.90781780	          0.41512168	         -0.73039865	         -0.32305857	          0.60178981	         -0.60385544	          0.75089380	          0.37444232	
          0.85000000	          0.66517712	         -0.27975134	          0.69229950	         -0.06349613	          0.90261245	          0.42574524	         -0.74398095	         -0.32715433	          0.58263402	         -0.63105055	          0.76467082	          0.39810961	
          0.86000000	          0.64968586	         -0.29242477	          0.70170937	         -0.06776822	          0.89710207	          0.43659518	         -0.75717617	         -0.33120331	          0.56301742	         -0.65959482	          0.77779390	          0.42293857	
          0.87000000	          0.63416595	         -0.30538865	          0.71033183	         -0.07224425	          0.89127215	          0.44767702	         -0.76981447	         -0.33521892	          0.54315188	         -0.68933617	          0.78996954	          0.44878669	
          0.88000000	          0.61880602	         -0.31861753	          0.71802645	         -0.07686439	          0.88510502	          0.45899997	         -0.78177425	         -0.33922261	          0.52321797	         -0.72011048	          0.80096266	          0.47548916	
          0.89000000	          0.60378884	         -0.33208850	          0.72467666	         -0.08156388	          0.87858230	          0.47057461	         -0.79296051	         -0.34323514	          0.50339176	         -0.75171657	          0.81056505	          0.50284910	
          0.90000000	          0.58933036	         -0.34578042	          0.73015452	         -0.08623692	          0.87168923	          0.48241173	         -0.80327637	         -0.34726615	          0.48389389	         -0.78386432	          0.81854807	          0.53060831	
          0.91000000	          0.57571987	         -0.35967227	          0.73429046	         -0.09069639	          0.86441959	          0.49452294	         -0.81260125	         -0.35130418	          0.46504256	         -0.81611113	          0.82462086	          0.55840863	
          0.92000000	          0.56334583	         -0.37374090	          0.73685766	         -0.09464209	          0.85678008	          0.50692285	         -0.82078277	         -0.35531062	          0.44729186	         -0.84780921	          0.82841041	          0.58575895	
          0.93000000	          0.55269621	         -0.38795792	          0.73757410	         -0.09764849	          0.84879276	          0.51963027	         -0.82764224	         -0.35922068	          0.43124103	         -0.87808785	          0.82947076	          0.61202479	
          0.94000000	          0.54432346	         -0.40228742	          0.73612282	         -0.09918048	          0.84049475	          0.53266481	         -0.83299172	         -0.36295097	          0.41760195	         -0.90589636	          0.82732408	          0.63646233	
          0.95000000	          0.53876865	         -0.41668692	          0.73218874	         -0.09864134	          0.83193451	          0.54603557	         -0.83665897	         -0.36641093	          0.40711768	         -0.93012476	          0.82152995	          0.65831346	
          0.96000000	          0.53645205	         -0.43111197	          0.72550787	         -0.09545342	          0.82316487	          0.55972158	         -0.83851526	         -0.36951600	          0.40043737	         -0.94979456	          0.81177206	          0.67695385	
          0.97000000	          0.53755207	         -0.44552082	          0.71592526	         -0.08916675	          0.81423351	          0.57364892	         -0.83850287	         -0.37220289	          0.39796727	         -0.96427929	          0.79794846	          0.69205432	
          0.98000000	          0.54189635	         -0.45987920	          0.70346249	         -0.07958295	          0.80517296	          0.58767598	         -0.83666893	         -0.37444309	          0.39972174	         -0.97350090	          0.78025755	          0.70370857	
          0.99000000	          0.54891564	         -0.47415535	          0.68838094	         -0.06687019	          0.79599306	          0.60160072	         -0.83319865	         -0.37626021	          0.40522618	         -0.97802286	          0.75925457	          0.71245343	
          1.00000000	          0.55766999	         -0.48831813	          0.67122991	         -0.05163113	          0.78667716	          0.61520181	         -0.82845544	         -0.37773595	          0.41349382	         -0.97902293	          0.73586678	          0.71919235	
          1.01000000	          0.56691133	         -0.50238650	          0.65285477	         -0.03487283	          0.77716589	          0.62832879	         -0.82304036	         -0.37897360	          0.42306451	         -0.97820371	          0.71134710	          0.72512806	
          1.02000000	          0.57527310	         -0.51641920	          0.63432805	         -0.01789323	          0.76736807	          0.64095715	         -0.81776567	         -0.38007559	          0.43220580	         -0.97751871	          0.68713901	          0.73153960	
          1.03000000	          0.58153123	         -0.53046302	          0.61679042	         -0.00210289	          0.75718835	          0.65319321	         -0.81352136	         -0.38114930	          0.43921317	         -0.97882861	          0.66465857	          0.73950552	
          1.04000000	          0.58476799	         -0.54454473	          0.60126320	          0.01118550	          0.74654389	          0.66524214	         -0.81112347	         -0.38228688	          0.44264598	         -0.98367756	          0.64508105	          0.74979574	
          1.05000000	          0.58443674	         -0.55868500	          0.58847665	          0.02094626	          0.73537129	          0.67734063	         -0.81116888	         -0.38353636	          0.44148036	         -0.99316740	          0.62917341	          0.76287442	
          1.06000000	          0.58036319	         -0.57291132	          0.57874967	          0.02657692	          0.72362859	          0.68967770	         -0.81392398	         -0.38488216	          0.43519361	         -1.00788679	          0.61719466	          0.77893677	
          1.07000000	          0.57269475	         -0.58727480	          0.57195195	          0.02797397	          0.71129309	          0.70233866	         -0.81929127	         -0.38622590	          0.42378223	         -1.02788989	          0.60888348	          0.79796684	
          1.08000000	          0.56189572	         -0.60182522	          0.56752057	          0.02553939	          0.69836182	          0.71528911	         -0.82681372	         -0.38742376	          0.40777677	         -1.05266240	          0.60349136	          0.81969663	
          1.09000000	          0.54879806	         -0.61651679	          0.56455977	          0.02009487	          0.68488116	          0.72837764	         -0.83571340	         -0.38838748	          0.38825028	         -1.08107183	          0.59989980	          0.84344484	
          1.10000000	          0.53443265	         -0.63121360	          0.56209530	          0.01272074	          0.67096702	          0.74137807	         -0.84511533	         -0.38906638	          0.36661619	         -1.11155326	          0.59691702	          0.86823588	
          1.11000000	          0.51983195	         -0.64577414	          0.55924100	          0.00459715	          0.65674829	          0.75409585	         -0.85425617	         -0.38943220	          0.34436747	         -1.14241550	          0.59346996	          0.89302928	
          1.12000000	          0.50585098	         -0.66007113	          0.55535654	         -0.00322605	          0.64234932	          0.76640521	         -0.86261485	         -0.38947843	          0.32280361	         -1.17215565	          0.58879164	          0.91690786	
          1.13000000	          0.49303483	         -0.67400454	          0.55012230	         -0.01001888	          0.62787702	          0.77824808	         -0.86995188	         -0.38921502	          0.30281247	         -1.19972598	          0.58251068	          0.93924024	
          1.14000000	          0.48156542	         -0.68751009	          0.54352977	         -0.01547136	          0.61341196	          0.78961155	         -0.87627358	         -0.38865876	          0.28476128	         -1.22467903	          0.57463658	          0.95976941	
          1.15000000	          0.47129911	         -0.70056192	          0.53580793	         -0.01967785	          0.59900668	          0.80050220	         -0.88175389	         -0.38781953	          0.26852576	         -1.24714502	          0.56546434	          0.97859786	
          1.16000000	          0.46187537	         -0.71316848	          0.52731571	         -0.02301872	          0.58469180	          0.81092888	         -0.88664609	         -0.38668621	          0.25363851	         -1.26766068	          0.55543824	          0.99608300	
          1.17000000	          0.45285686	         -0.72536373	          0.51842852	         -0.02597730	          0.57048808	          0.82089496	         -0.89120471	         -0.38521529	          0.23950645	         -1.28691380	          0.54501219	          1.01268835	
          1.18000000	          0.44385533	         -0.73719782	          0.50944266	         -0.02894456	          0.55642073	          0.83039640	         -0.89563087	         -0.38332146	          0.22563244	         -1.30548528	          0.53453697	          1.02884557	
          1.19000000	          0.43460914	         -0.74873059	          0.50051714	         -0.03206432	          0.54253184	          0.83942306	         -0.90004821	         -0.38086967	          0.21178176	         -1.32365937	          0.52419602	          1.04486742	
          1.20000000	          0.42501224	         -0.76002206	          0.49166154	         -0.03516284	          0.52888759	          0.84796314	         -0.90450438	         -0.37768293	          0.19805917	         -1.34133949	          0.51399682	          1.06090931	
          1.21000000	          0.41516603	         -0.77109148	          0.48275781	         -0.03778549	          0.51557802	          0.85600909	         -0.90896063	         -0.37362714	          0.18491442	         -1.35804618	          0.50380105	          1.07689223	
          1.22000000	          0.40570842	         -0.78175222	          0.47356534	         -0.03933286	          0.50270969	          0.86356001	         -0.91315585	         -0.36898025	          0.17320501	         -1.37285189	          0.49333443	          1.09208565	
          1.23000000	          0.36760280	         -0.80309794	          0.46893696	         -0.03926367	          0.49039038	          0.87061796	         -0.92915367	         -0.33845379	          0.14873630	         -1.40158995	          0.48808681	          1.14153195	
          1.24000000	          0.36484066	         -0.81068202	          0.45791479	         -0.03730150	          0.47869411	          0.87718900	         -0.93032247	         -0.33711512	          0.14440742	         -1.40763459	          0.47564820	          1.14790778	
          1.25000000	          0.36776311	         -0.81600027	          0.44597517	         -0.03366232	          0.46758852	          0.88330506	         -0.92931004	         -0.33985958	          0.14449335	         -1.40864984	          0.46226348	          1.14736880	
          1.26000000	          0.36442075	         -0.82338661	          0.43500806	         -0.02891905	          0.45689898	          0.88904837	         -0.93078526	         -0.33656770	          0.14269192	         -1.41165396	          0.45004722	          1.15412357	
          1.27000000	          0.36206021	         -0.83014865	          0.42398776	         -0.02373421	          0.44648967	          0.89447396	         -0.93185251	         -0.33391644	          0.14195322	         -1.41340865	          0.43784392	          1.15952880	
          1.28000000	          0.35759071	         -0.83742689	          0.41333411	         -0.01861458	          0.43612002	          0.89969596	         -0.93369287	         -0.32941696	          0.14036411	         -1.41603111	          0.42611256	          1.16722336	
          1.29000000	          0.35429727	         -0.84405638	          0.40254475	         -0.01460694	          0.42542028	          0.90487802	         -0.93501876	         -0.32647576	          0.13839616	         -1.41902788	          0.41429509	          1.17337623	
          1.30000000	          0.35223870	         -0.85015910	          0.39135329	         -0.01227352	          0.41392063	          0.91023023	         -0.93582972	         -0.32542160	          0.13536442	         -1.42316384	          0.40210172	          1.17800561	
          1.31000000	          0.35040799	         -0.85615727	          0.37974856	         -0.01181966	          0.40138102	          0.91583490	         -0.93652258	         -0.32540437	          0.13052763	         -1.42922665	          0.38952448	          1.18231570	
          1.32000000	          0.34818784	         -0.86223999	          0.36784159	         -0.01338409	          0.38778330	          0.92165339	         -0.93732924	         -0.32583173	          0.12348113	         -1.43761160	          0.37668680	          1.18700310	
          1.33000000	          0.34527550	         -0.86842260	          0.35584690	         -0.01719114	          0.37324903	          0.92757190	         -0.93834391	         -0.32638526	          0.11394457	         -1.44856693	          0.36382012	          1.19236990	
          1.34000000	          0.34156716	         -0.87463015	          0.34402614	         -0.02353216	          0.35796741	          0.93343750	         -0.93956272	         -0.32692728	          0.10168798	         -1.46228500	          0.35120141	          1.19848244	
          1.35000000	          0.33709355	         -0.88075642	          0.33262001	         -0.03265157	          0.34214865	          0.93907836	         -0.94090479	         -0.32741782	          0.08657802	         -1.47886154	          0.33908042	          1.20526433	
          1.36000000	          0.33198961	         -0.88669758	          0.32179231	         -0.04460540	          0.32600198	          0.94431619	         -0.94222782	         -0.32785684	          0.06867777	         -1.49819663	          0.32762188	          1.21254186	
          1.37000000	          0.32647209	         -0.89236819	          0.31160067	         -0.05915327	          0.30972856	          0.94898320	         -0.94335405	         -0.32824873	          0.04833123	         -1.51991080	          0.31687711	          1.22007241	
          1.38000000	          0.32080918	         -0.89770723	          0.30199868	         -0.07572912	          0.29351960	          0.95294876	         -0.94411153	         -0.32858480	          0.02618120	         -1.54332935	          0.30678853	          1.22757536	
          1.39000000	          0.31527710	         -0.90267920	          0.29286620	         -0.09351612	          0.27755161	          0.95614844	         -0.94438079	         -0.32883942	          0.00309061	         -1.56756399	          0.29722310	          1.23477363	
          1.40000000	          0.31010790	         -0.90727275	          0.28405854	         -0.11162410	          0.26197451	          0.95859763	         -0.94412560	         -0.32897648	         -0.02003314	         -1.59169167	          0.28802438	          1.24144318	
          1.41000000	          0.30543239	         -0.91150050	          0.27545943	         -0.12932507	          0.24689403	          0.96037408	         -0.94339074	         -0.32895316	         -0.04247043	         -1.61499033	          0.27906759	          1.24746788	
          1.42000000	          0.30148709	         -0.91531327	          0.26703398	         -0.14625685	          0.23235514	          0.96157164	         -0.94218601	         -0.32895698	         -0.06381877	         -1.63706836	          0.27031393	          1.25260680	
          1.43000000	          0.29476903	         -0.91993699	          0.25850950	         -0.16248358	          0.21833675	          0.96225160	         -0.94165296	         -0.32564552	         -0.08511575	         -1.65902148	          0.26147893	          1.26070967	
          1.44000000	          0.28841245	         -0.92426037	          0.25012203	         -0.17840765	          0.20477518	          0.96241251	         -0.94073852	         -0.32219543	         -0.10583541	         -1.68032509	          0.25280629	          1.26832443	
          1.45000000	          0.29080543	         -0.92539201	          0.24306756	         -0.19449933	          0.19156547	          0.96201491	         -0.93680426	         -0.32703563	         -0.12427985	         -1.69927179	          0.24552700	          1.26631697	
          1.46000000	          0.27208623	         -0.93357338	          0.23325913	         -0.21106763	          0.17860107	          0.96101619	         -0.93883946	         -0.31071272	         -0.14845223	         -1.72405915	          0.23542793	          1.28720560	
          1.47000000	          0.28757411	         -0.92993438	          0.22917935	         -0.22831356	          0.16582755	          0.95936132	         -0.93014733	         -0.32821223	         -0.16462892	         -1.74074368	          0.23123451	          1.27088299	
          1.48000000	          0.28297694	         -0.93308005	          0.22200379	         -0.24581414	          0.15317909	          0.95713718	         -0.92709194	         -0.32541942	         -0.18601812	         -1.76275184	          0.22386906	          1.27634052	
          1.49000000	          0.28029507	         -0.93550031	          0.21511354	         -0.26307577	          0.14065205	          0.95446747	         -0.92316077	         -0.32412369	         -0.20668339	         -1.78404698	          0.21680809	          1.27968774	
          1.50000000	          0.27843779	         -0.93761895	          0.20819006	         -0.27957324	          0.12825380	          0.95151972	         -0.91886408	         -0.32314342	         -0.22642246	         -1.80441036	          0.20972411	          1.28212843	
          1.51000000	          0.27721519	         -0.93953094	          0.20108044	         -0.29484905	          0.11599781	          0.94847696	         -0.91444835	         -0.32222059	         -0.24486345	         -1.82344470	          0.20246077	          1.28388054	
          1.52000000	          0.27662143	         -0.94125371	          0.19370605	         -0.30857243	          0.10389675	          0.94550966	         -0.91008991	         -0.32132058	         -0.26170487	         -1.84082323	          0.19493835	          1.28495797	
          1.53000000	          0.27666022	         -0.94278922	          0.18603119	         -0.32055153	          0.09195936	          0.94275670	         -0.90592817	         -0.32045585	         -0.27677103	         -1.85634946	          0.18712127	          1.28536074	
          1.54000000	          0.27731292	         -0.94413856	          0.17804471	         -0.33070290	          0.08019069	          0.94032178	         -0.90207158	         -0.31964328	         -0.28999144	         -1.86993793	          0.17899905	          1.28511038	
          1.55000000	          0.27854044	         -0.94530486	          0.16974670	         -0.33901102	          0.06859310	          0.93827849	         -0.89860267	         -0.31889450	         -0.30136281	         -1.88157560	          0.17057263	          1.28424879	
          1.56000000	          0.28028728	         -0.94629354	          0.16114459	         -0.34551957	          0.05716447	          0.93666881	         -0.89557539	         -0.31821496	         -0.31094046	         -1.89131411	          0.16185029	          1.28283414	
          1.57000000	          0.28248347	         -0.94711162	          0.15225857	         -0.35035636	          0.04589396	          0.93549140	         -0.89300252	         -0.31760562	         -0.31886230	         -1.89929661	          0.15285309	          1.28093860	
          1.58000000	          0.28504824	         -0.94776672	          0.14312841	         -0.35375489	          0.03475938	          0.93469207	         -0.89084509	         -0.31706470	         -0.32536901	         -1.90578007	          0.14362165	          1.27864444	
          1.59000000	          0.28789725	         -0.94826632	          0.13381389	         -0.35604143	          0.02372901	          0.93416885	         -0.88901613	         -0.31658793	         -0.33079058	         -1.91112036	          0.13421649	          1.27603659	
          1.60000000	          0.29095078	         -0.94861746	          0.12438877	         -0.35759337	          0.01276694	          0.93379012	         -0.88739767	         -0.31616756	         -0.33550476	         -1.91572636	          0.12471180	          1.27319469	
          1.61000000	          0.29413952	         -0.94882701	          0.11493146	         -0.35878861	          0.00183919	          0.93341703	         -0.88586267	         -0.31579094	         -0.33988735	         -1.92000533	          0.11518600	          1.27018763	
          1.62000000	          0.29740809	         -0.94890232	          0.10551218	         -0.35994729	         -0.00907988	          0.93292846	         -0.88429994	         -0.31543929	         -0.34425525	         -1.92430076	          0.10570894	          1.26707053	
          1.63000000	          0.30071677	         -0.94885176	          0.09617567	         -0.36126198	         -0.02000079	          0.93224983	         -0.88264330	         -0.31508777	         -0.34879864	         -1.92881910	          0.09632456	          1.26388339	
          1.64000000	          0.30403988	         -0.94868524	          0.08692560	         -0.36274355	         -0.03091445	          0.93137608	         -0.88089549	         -0.31470717	         -0.35352868	         -1.93357342	          0.08703544	          1.26065303	
          1.65000000	          0.30735955	         -0.94841409	          0.07772277	         -0.36422979	         -0.04179451	          0.93037083	         -0.87912842	         -0.31426731	         -0.35828660	         -1.93839300	          0.07780124	          1.25739914	
          1.66000000	          0.31065798	         -0.94804999	          0.06850423	         -0.36547800	         -0.05260849	          0.92933211	         -0.87744940	         -0.31374122	         -0.36283467	         -1.94302140	          0.06855792	          1.25414146	
          1.67000000	          0.31391359	         -0.94760305	          0.05921759	         -0.36630980	         -0.06333439	          0.92833501	         -0.87594257	         -0.31310896	         -0.36699781	         -1.94726956	          0.05925226	          1.25090285	
          1.68000000	          0.31710506	         -0.94707921	          0.04985325	         -0.36673270	         -0.07397465	          0.92738065	         -0.87461507	         -0.31235991	         -0.37078265	         -1.95114503	          0.04987392	          1.24770458	
          1.69000000	          0.32022198	         -0.94647838	          0.04045444	         -0.36696499	         -0.08455971	          0.92638348	         -0.87338112	         -0.31149372	         -0.37440230	         -1.95487926	          0.04046548	          1.24455558	
          1.70000000	          0.32327501	         -0.94579393	          0.03109850	         -0.36734718	         -0.09513877	          0.92520520	         -0.87209479	         -0.31051966	         -0.37819072	         -1.95883510	          0.03110351	          1.24144272	
          1.71000000	          0.32629795	         -0.94501411	          0.02186258	         -0.36820014	         -0.10576375	          0.92371137	         -0.87060801	         -0.30945493	         -0.38246482	         -1.96335776	          0.02186432	          1.23832930	
          1.72000000	          0.32934086	         -0.94412436	          0.01279796	         -0.36972364	         -0.11647595	          0.92181223	         -0.86881473	         -0.30832214	         -0.38742539	         -1.96866797	          0.01279831	          1.23516236	
          1.73000000	          0.33245980	         -0.94310924	          0.00392893	         -0.37199127	         -0.12730193	          0.91946545	         -0.86665621	         -0.30714682	         -0.39315118	         -1.97485588	          0.00392894	          1.23188307	
          1.74000000	          0.33571077	         -0.94195326	         -0.00472520	         -0.37502980	         -0.13825832	          0.91664458	         -0.86408965	         -0.30595537	         -0.39967536	         -1.98196385	         -0.00472522	          1.22843265	
          1.75000000	          0.33915087	         -0.94064049	         -0.01312062	         -0.37892176	         -0.14936063	          0.91329607	         -0.86104297	         -0.30477347	         -0.40708493	         -1.99009500	         -0.01312100	          1.22475117	
          1.76000000	          0.34284316	         -0.93915401	         -0.02117349	         -0.38385417	         -0.16062877	          0.90931533	         -0.85738821	         -0.30362501	         -0.41556866	         -1.99946669	         -0.02117507	          1.22077266	
          1.77000000	          0.34685804	         -0.93747620	         -0.02877283	         -0.39006853	         -0.17208461	          0.90456256	         -0.85295723	         -0.30253142	         -0.42536889	         -2.01036047	         -0.02877680	          1.21642406	
          1.78000000	          0.35126606	         -0.93559035	         -0.03581682	         -0.39773841	         -0.18374299	          0.89891194	         -0.84759442	         -0.30151153	         -0.43666290	         -2.02299387	         -0.03582448	          1.21163244	
          1.79000000	          0.35612494	         -0.93348263	         -0.04225170	         -0.40685300	         -0.19560294	          0.89230607	         -0.84121677	         -0.30058222	         -0.44944929	         -2.03739484	         -0.04226428	          1.20633801	
          1.80000000	          0.36146781	         -0.93114340	         -0.04809359	         -0.41717172	         -0.20764452	          0.88478896	         -0.83385177	         -0.29975944	         -0.46350350	         -2.05334741	         -0.04811215	          1.20050549	
          1.81000000	          0.36729889	         -0.92856726	         -0.05342622	         -0.42826441	         -0.21983271	          0.87650623	         -0.82563983	         -0.29905922	         -0.47841662	         -2.07042641	         -0.05345167	          1.19412821	
          1.82000000	          0.37359707	         -0.92575214	         -0.05837977	         -0.43960571	         -0.23212502	          0.86767782	         -0.81680600	         -0.29849781	         -0.49368716	         -2.08809102	         -0.05841299	          1.18722426	
          1.83000000	          0.38032314	         -0.92269825	         -0.06310510	         -0.45066974	         -0.24447832	          0.85856108	         -0.80762064	         -0.29809108	         -0.50881294	         -2.10578244	         -0.06314706	          1.17982927	
          1.84000000	          0.38742562	         -0.91940775	         -0.06775532	         -0.46098761	         -0.25685151	          0.84942199	         -0.79836822	         -0.29785348	         -0.52334644	         -2.12298500	         -0.06780727	          1.17199069	
          1.85000000	          0.39484465	         -0.91588489	         -0.07247464	         -0.47017403	         -0.26920598	          0.84051444	         -0.78932508	         -0.29779693	         -0.53691983	         -2.13925708	         -0.07253824	          1.16376415	
          1.86000000	          0.40251666	         -0.91213584	         -0.07738576	         -0.47795144	         -0.28150704	          0.83205542	         -0.78073220	         -0.29792953	         -0.54926790	         -2.15426253	         -0.07746321	          1.15520899	
          1.87000000	          0.41038131	         -0.90816788	         -0.08257285	         -0.48417877	         -0.29372755	          0.82419357	         -0.77276005	         -0.29825362	         -0.56025591	         -2.16781058	         -0.08266697	          1.14638155	
          1.88000000	          0.41838828	         -0.90398854	         -0.08806791	         -0.48886483	         -0.30585076	          0.81698623	         -0.76548183	         -0.29876416	         -0.56989258	         -2.17987926	         -0.08818215	          1.13732866	
          1.89000000	          0.42649992	         -0.89960531	         -0.09385149	         -0.49214433	         -0.31786945	          0.81040297	         -0.75887534	         -0.29944832	         -0.57830695	         -2.19059439	         -0.09398982	          1.12808525	
          1.90000000	          0.43468795	         -0.89502638	         -0.09987069	         -0.49421893	         -0.32978113	          0.80435816	         -0.75285724	         -0.30028682	         -0.58569087	         -2.20016411	         -0.10003746	          1.11867785	
          1.91000000	          0.44292693	         -0.89026176	         -0.10606477	         -0.49529219	         -0.34158251	          0.79875343	         -0.74732950	         -0.30125635	         -0.59223579	         -2.20880299	         -0.10626465	          1.10913118	
          1.92000000	          0.45118885	         -0.88532383	         -0.11238478	         -0.49552896	         -0.35326653	          0.79350728	         -0.74221269	         -0.30233173	         -0.59809352	         -2.21668299	         -0.11262271	          1.09947330	
          1.93000000	          0.45944049	         -0.88022728	         -0.11880387	         -0.49504026	         -0.36482225	          0.78856824	         -0.73746158	         -0.30348749	         -0.60336206	         -2.22391439	         -0.11908513	          1.08973808	
          1.94000000	          0.46764107	         -0.87498883	         -0.12532511	         -0.49387535	         -0.37623515	          0.78392235	         -0.73307501	         -0.30469930	         -0.60807842	         -2.23053549	         -0.12565552	          1.07996711	
