name C:\Users\u0101727\Documents\MyRepositories\upper-imu-dc\Results\main_tracking\Case_10\FLX01_orientations_groundFrame.mot
datacolumns 13
datarows 600
range 0.510000 6.500000
endheader 
time	radius_imu_[0][0]	radius_imu_[0][1]	radius_imu_[0][2]	radius_imu_[1][0]	radius_imu_[1][1]	radius_imu_[1][2]	radius_imu_[2][0]	radius_imu_[2][1]	radius_imu_[2][2]	radius_imu_x	radius_imu_y	radius_imu_z	
          0.51000000	          0.71872119	         -0.05684170	          0.69297105	         -0.13867677	          0.96490919	          0.22297758	         -0.68132856	         -0.25635770	          0.68561806	         -0.31443203	          0.76560187	          0.07892299	
          0.52000000	          0.71045064	         -0.05793291	          0.70135844	         -0.14119786	          0.96460630	          0.22270575	         -0.68943676	         -0.25725175	          0.67712516	         -0.31775431	          0.77730147	          0.08136387	
          0.53000000	          0.70016718	         -0.05997250	          0.71145571	         -0.14405393	          0.96410708	          0.22303812	         -0.69929564	         -0.25865196	          0.66639686	         -0.32297343	          0.79156754	          0.08544599	
          0.54000000	          0.68852253	         -0.06294528	          0.72247811	         -0.14684152	          0.96349042	          0.22388342	         -0.71019314	         -0.26023856	          0.65414187	         -0.32975858	          0.80737987	          0.09116738	
          0.55000000	          0.67578933	         -0.06698510	          0.73404480	         -0.14918095	          0.96282308	          0.22520382	         -0.72184058	         -0.26169584	          0.64067267	         -0.33802074	          0.82425905	          0.09879854	
          0.56000000	          0.66696017	         -0.07020238	          0.74177878	         -0.15097661	          0.96216628	          0.22680852	         -0.72963703	         -0.26326350	          0.63112767	         -0.34499799	          0.83571882	          0.10487108	
          0.57000000	          0.66395898	         -0.07150853	          0.74434199	         -0.15245281	          0.96156489	          0.22836614	         -0.73206326	         -0.26510278	          0.62753797	         -0.34901097	          0.83954896	          0.10728669	
          0.58000000	          0.66225168	         -0.07293682	          0.74572310	         -0.15324584	          0.96102830	          0.23008763	         -0.73344286	         -0.26665488	          0.62526534	         -0.35260550	          0.84161950	          0.10969250	
          0.59000000	          0.66168192	         -0.07499569	          0.74602459	         -0.15302722	          0.96053410	          0.23228626	         -0.73400252	         -0.26786169	          0.62409167	         -0.35631270	          0.84207213	          0.11285937	
          0.60000000	          0.66220265	         -0.07783982	          0.74527083	         -0.15173516	          0.96005544	          0.23509570	         -0.73380113	         -0.26876479	          0.62394022	         -0.36034084	          0.84094094	          0.11700988	
          0.61000000	          0.66421013	         -0.08132847	          0.74310873	         -0.14938606	          0.95957305	          0.23854428	         -0.73246755	         -0.26945361	          0.62520880	         -0.36449496	          0.83770410	          0.12183742	
          0.62000000	          0.66811876	         -0.08529358	          0.73914974	         -0.14598043	          0.95907430	          0.24262356	         -0.72959375	         -0.27000275	          0.62832434	         -0.36850463	          0.83180711	          0.12697547	
          0.63000000	          0.67421553	         -0.08962442	          0.73307631	         -0.14148641	          0.95854903	          0.24731632	         -0.72485517	         -0.27046484	          0.63358800	         -0.37215332	          0.82283401	          0.13215661	
          0.64000000	          0.68256571	         -0.09428369	          0.72471694	         -0.13586686	          0.95798516	          0.25259577	         -0.71808374	         -0.27087823	          0.64107779	         -0.37533830	          0.81062350	          0.13726269	
          0.65000000	          0.69295196	         -0.09929015	          0.71411417	         -0.12912796	          0.95736548	          0.25841307	         -0.70932613	         -0.27127995	          0.65058714	         -0.37809007	          0.79535788	          0.14231708	
          0.66000000	          0.70486832	         -0.10468921	          0.70157025	         -0.12136491	          0.95666587	          0.26469034	         -0.69887853	         -0.27171785	          0.66161787	         -0.38056266	          0.77759866	          0.14744520	
          0.67000000	          0.71757779	         -0.11052666	          0.68765251	         -0.11278466	          0.95585604	          0.27132795	         -0.68728577	         -0.27225557	          0.67343535	         -0.38300496	          0.75825080	          0.15282641	
          0.68000000	          0.73022811	         -0.11683107	          0.67313996	         -0.10369575	          0.95490235	          0.27822419	         -0.67528816	         -0.27296888	          0.68518165	         -0.38571873	          0.73844660	          0.15864802	
          0.69000000	          0.74199396	         -0.12360487	          0.65891335	         -0.09446905	          0.95377195	          0.28529749	         -0.66371723	         -0.27393593	          0.69601619	         -0.38901217	          0.71937325	          0.16506897	
          0.70000000	          0.75219709	         -0.13082445	          0.64582080	         -0.08548431	          0.95243674	          0.29250074	         -0.65336971	         -0.27522575	          0.70523671	         -0.39316149	          0.70209786	          0.17220057	
          0.71000000	          0.76036880	         -0.13844822	          0.63456393	         -0.07708069	          0.95087580	          0.29982293	         -0.64490144	         -0.27688862	          0.71234460	         -0.39838931	          0.68744417	          0.18010727	
          0.72000000	          0.76625058	         -0.14642919	          0.62563451	         -0.06952406	          0.94907592	          0.30728048	         -0.63876949	         -0.27895050	          0.71704962	         -0.40486056	          0.67594462	          0.18882178	
          0.73000000	          0.76975337	         -0.15472702	          0.61930550	         -0.06299525	          0.94703053	          0.31490438	         -0.63522543	         -0.28141201	          0.71923288	         -0.41269049	          0.66785785	          0.19836514	
          0.74000000	          0.77090125	         -0.16331644	          0.61566144	         -0.05759545	          0.94473753	          0.32272862	         -0.63434536	         -0.28425119	          0.71889306	         -0.42195908	          0.66322507	          0.20876464	
          0.75000000	          0.76978018	         -0.17219065	          0.61464531	         -0.05336147	          0.94219704	          0.33078284	         -0.63607471	         -0.28742845	          0.71609626	         -0.43272647	          0.66193624	          0.22006538	
          0.76000000	          0.76650375	         -0.18135948	          0.61610125	         -0.05028345	          0.93940944	          0.33908918	         -0.64026837	         -0.29089282	          0.71094148	         -0.44504462	          0.66378332	          0.23233348	
          0.77000000	          0.76119742	         -0.19084344	          0.61980422	         -0.04832057	          0.93637402	          0.34766193	         -0.64671757	         -0.29458866	          0.70354382	         -0.45896324	          0.66849320	          0.24565128	
          0.78000000	          0.75399654	         -0.20066581	          0.62547778	         -0.04741294	          0.93308828	          0.35650844	         -0.65516504	         -0.29846187	          0.69403118	         -0.47452991	          0.67574373	          0.26010712	
          0.79000000	          0.74505145	         -0.21084538	          0.63280531	         -0.04748921	          0.92954789	          0.36563027	         -0.66531430	         -0.30246478	          0.68254812	         -0.49178582	          0.68517085	          0.27578323	
          0.80000000	          0.73453214	         -0.22139277	          0.64144196	         -0.04846981	          0.92574697	          0.37502430	         -0.67684062	         -0.30655797	          0.66926003	         -0.51075977	          0.69637637	          0.29274668	
          0.81000000	          0.72262745	         -0.23231165	          0.65103062	         -0.05026682	          0.92167872	          0.38468374	         -0.68940759	         -0.31070827	          0.65435277	         -0.53146328	          0.70894142	          0.31104663	
          0.82000000	          0.70954154	         -0.24360184	          0.66121777	         -0.05278233	          0.91733609	          0.39459920	         -0.70268401	         -0.31488514	          0.63803019	         -0.55388603	          0.72244088	          0.33071403	
          0.83000000	          0.69549307	         -0.25526017	          0.67166333	         -0.05590793	          0.91271213	          0.40476027	         -0.71635444	         -0.31905927	          0.62051389	         -0.57798933	          0.73645165	          0.35175660	
          0.84000000	          0.68071557	         -0.26727836	          0.68204735	         -0.05952837	          0.90779983	          0.41515760	         -0.73012512	         -0.32320541	          0.60204283	         -0.60369941	          0.75055857	          0.37414829	
          0.85000000	          0.66545156	         -0.27964058	          0.69208046	         -0.06353057	          0.90259116	          0.42578522	         -0.74373253	         -0.32730771	          0.58286498	         -0.63090650	          0.76436733	          0.39782076	
          0.86000000	          0.64993747	         -0.29232383	          0.70151840	         -0.06781560	          0.89707564	          0.43664212	         -0.75695596	         -0.33136397	          0.56321895	         -0.65947359	          0.77752590	          0.42266450	
          0.87000000	          0.63438743	         -0.30530119	          0.71017165	         -0.07230640	          0.89123939	          0.44773221	         -0.76962612	         -0.33538564	          0.54331584	         -0.68924854	          0.78974199	          0.44853828	
          0.88000000	          0.61899118	         -0.31854556	          0.71789877	         -0.07694264	          0.88506568	          0.45906271	         -0.78161996	         -0.33939279	          0.52333811	         -0.72006442	          0.80077924	          0.47527550	
          0.89000000	          0.60393497	         -0.33203128	          0.72458110	         -0.08165852	          0.87853739	          0.47064204	         -0.79283948	         -0.34340541	          0.50346627	         -0.75171421	          0.81042639	          0.50267417	
          0.90000000	          0.58943993	         -0.34573371	          0.73008819	         -0.08634670	          0.87164132	          0.48247867	         -0.80318418	         -0.34743289	          0.48392723	         -0.78389925	          0.81845100	          0.53046822	
          0.91000000	          0.57580122	         -0.35962796	          0.73424839	         -0.09081820	          0.86437308	          0.49458189	         -0.81253001	         -0.35146396	          0.46504631	         -0.81616660	          0.82455888	          0.55828978	
          0.92000000	          0.56341292	         -0.37368699	          0.73683371	         -0.09477084	          0.85674143	          0.50696410	         -0.82072186	         -0.35546048	          0.44728456	         -0.84785768	          0.82837498	          0.58563764	
          0.93000000	          0.55276728	         -0.38787907	          0.73756231	         -0.09777737	          0.84877063	          0.51964219	         -0.82757955	         -0.35935810	          0.43124684	         -0.87809251	          0.82945330	          0.61186874	
          0.94000000	          0.54441849	         -0.40216628	          0.73611873	         -0.09930131	          0.84049978	          0.53263437	         -0.83291522	         -0.36307356	          0.41764798	         -0.90581509	          0.82731805	          0.63623496	
          0.95000000	          0.53890538	         -0.41650676	          0.73219063	         -0.09874509	          0.83197876	          0.54594940	         -0.83655867	         -0.36651530	          0.40722983	         -0.92991712	          0.82153273	          0.65798140	
          0.96000000	          0.53664063	         -0.43086073	          0.72551766	         -0.09553045	          0.82326060	          0.55956761	         -0.83838581	         -0.36959574	          0.40063477	         -0.94943111	          0.81178628	          0.67649763	
          0.97000000	          0.53778703	         -0.44519775	          0.71594977	         -0.08920638	          0.81439116	          0.57341892	         -0.83834798	         -0.37224454	          0.39825452	         -0.96375344	          0.79798357	          0.69148327	
          0.98000000	          0.54215005	         -0.45950199	          0.70351350	         -0.07957187	          0.80539812	          0.58736887	         -0.83650561	         -0.37442195	          0.40008320	         -0.97283732	          0.78032932	          0.70307290	
          0.99000000	          0.54912071	         -0.47377366	          0.68848018	         -0.06678916	          0.79628221	          0.60122696	         -0.83307002	         -0.37612919	          0.40561211	         -0.97729362	          0.75939140	          0.71187032	
          1.00000000	          0.55771108	         -0.48801909	          0.67141323	         -0.05145271	          0.78701528	          0.61478417	         -0.82843888	         -0.37741797	          0.41381723	         -0.97834636	          0.73611413	          0.71885223	
          1.01000000	          0.56669067	         -0.50223268	          0.65316462	         -0.03457701	          0.77754758	          0.62787276	         -0.82320478	         -0.37839412	          0.42326326	         -0.97764963	          0.71175622	          0.72516930	
          1.02000000	          0.57473353	         -0.51643269	          0.63480598	         -0.01747037	          0.76780354	          0.64044712	         -0.81815411	         -0.37917673	          0.43226017	         -0.97709132	          0.68775740	          0.73201908	
          1.03000000	          0.58062717	         -0.53065426	          0.61747724	         -0.00154290	          0.75769503	          0.65260697	         -0.81416811	         -0.37987405	          0.43911957	         -0.97851148	          0.66553143	          0.74045971	
          1.04000000	          0.58346365	         -0.54491210	          0.60219678	          0.01189385	          0.74714824	          0.66455101	         -0.81205215	         -0.38057892	          0.44241494	         -0.98343892	          0.64624993	          0.75124592	
          1.05000000	          0.58272672	         -0.55919768	          0.58968426	          0.02181257	          0.73611606	          0.67650377	         -0.81237540	         -0.38135429	          0.44115203	         -0.99294218	          0.63066784	          0.76479636	
          1.06000000	          0.57829435	         -0.57349191	          0.58024363	          0.02760382	          0.72457999	          0.68863769	         -0.81536107	         -0.38221835	          0.43485108	         -1.00756102	          0.61902780	          0.78122863	
          1.07000000	          0.57040398	         -0.58777497	          0.57372457	          0.02915223	          0.71254938	          0.70101607	         -0.82084678	         -0.38313701	          0.42357595	         -1.02727128	          0.61104609	          0.80039557	
          1.08000000	          0.55960614	         -0.60202650	          0.56956568	          0.02684378	          0.70005789	          0.71358137	         -0.82832384	         -0.38403522	          0.40791736	         -1.05148482	          0.60597735	          0.82189982	
          1.09000000	          0.54668339	         -0.61622984	          0.56691980	          0.02150165	          0.68715685	          0.72619084	         -0.83706329	         -0.38480676	          0.38890720	         -1.07911942	          0.60276188	          0.84513066	
          1.10000000	          0.53255192	         -0.63036595	          0.56482495	          0.01424035	          0.67390699	          0.73867894	         -0.84627753	         -0.38534159	          0.36786709	         -1.10874460	          0.60022111	          0.86931152	
          1.11000000	          0.51810695	         -0.64442138	          0.56239335	          0.00625968	          0.66036635	          0.75091751	         -0.85529294	         -0.38553518	          0.34617426	         -1.13883113	          0.59727743	          0.89362851	
          1.12000000	          0.50406819	         -0.65839362	          0.55895715	         -0.00138395	          0.64657636	          0.76284802	         -0.86366275	         -0.38530099	          0.32500740	         -1.16804110	          0.59312760	          0.91738380	
          1.13000000	          0.49097099	         -0.67223982	          0.55411290	         -0.00796614	          0.63256077	          0.77446976	         -0.87113950	         -0.38465633	          0.30521383	         -1.19539174	          0.58729693	          0.93998967	
          1.14000000	          0.47910926	         -0.68585246	          0.54777799	         -0.01321558	          0.61835970	          0.78578409	         -0.87765578	         -0.38371564	          0.28719791	         -1.22038725	          0.57970599	          0.96103730	
          1.15000000	          0.46848066	         -0.69913333	          0.54012818	         -0.01727227	          0.60400391	          0.79679417	         -0.88330489	         -0.38261190	          0.27088853	         -1.24308199	          0.57058941	          0.98042904	
          1.16000000	          0.45887366	         -0.71202507	          0.53146521	         -0.02055134	          0.58949325	          0.80751183	         -0.88826382	         -0.38146823	          0.25586985	         -1.26394244	          0.56032935	          0.99832355	
          1.17000000	          0.44999967	         -0.72450138	          0.52210923	         -0.02356797	          0.57481155	          0.81794635	         -0.89271768	         -0.38038064	          0.24158999	         -1.28360031	          0.54932216	          1.01499461	
          1.18000000	          0.44161405	         -0.73655608	          0.51231063	         -0.02674850	          0.55994495	          0.82809793	         -0.89680631	         -0.37940321	          0.22757778	         -1.30259757	          0.53787317	          1.03069594	
          1.19000000	          0.43359287	         -0.74819552	          0.50219587	         -0.03027982	          0.54489651	          0.83795640	         -0.90060000	         -0.37853832	          0.21360802	         -1.32119675	          0.52613621	          1.04557318	
          1.20000000	          0.42594109	         -0.75943836	          0.49175966	         -0.03403963	          0.52969419	          0.84750538	         -0.90411033	         -0.37772669	          0.19976752	         -1.33930937	          0.51410950	          1.05965105	
          1.21000000	          0.41873037	         -0.77032227	          0.48090381	         -0.03763301	          0.51439064	          0.85672985	         -0.90733050	         -0.37683666	          0.18640144	         -1.35656198	          0.50168526	          1.07289687	
          1.22000000	          0.41198280	         -0.78091632	          0.46951024	         -0.04052865	          0.49905606	          0.86562144	         -0.91028984	         -0.37564976	          0.17395303	         -1.37248037	          0.48873600	          1.08534199	
          1.23000000	          0.40558593	         -0.79131514	          0.45751547	         -0.04224975	          0.48376814	          0.87417581	         -0.91307996	         -0.37388332	          0.16277668	         -1.38669883	          0.47519907	          1.09716185	
          1.24000000	          0.39952904	         -0.80151312	          0.44491940	         -0.04253893	          0.46860571	          0.88238264	         -0.91573303	         -0.37146389	          0.15312608	         -1.39897049	          0.46108426	          1.10837467	
          1.25000000	          0.39549532	         -0.81076692	          0.43155585	         -0.04140240	          0.45364979	          0.89021779	         -0.91753436	         -0.36994442	          0.14584867	         -1.40840422	          0.44621679	          1.11695306	
          1.26000000	          0.39946373	         -0.81656910	          0.41670569	         -0.03899190	          0.43900221	          0.89763951	         -0.91591941	         -0.37482257	          0.14352588	         -1.41224582	          0.42981836	          1.11582784	
          1.27000000	          0.32769882	         -0.85016440	          0.41210918	         -0.03558582	          0.42477849	          0.90459763	         -0.94411182	         -0.31110082	          0.10894562	         -1.45093816	          0.42476774	          1.20289261	
          1.28000000	          0.35907942	         -0.84592231	          0.39430625	         -0.03218425	          0.41100846	          0.91106324	         -0.93275192	         -0.33983451	          0.12035930	         -1.43944831	          0.40531281	          1.16936389	
          1.29000000	          0.38333014	         -0.84309399	          0.37716115	         -0.02909671	          0.39712875	          0.91730155	         -0.92315296	         -0.36260349	          0.12770016	         -1.43247249	          0.38672915	          1.14406503	
          1.30000000	          0.39115338	         -0.84595058	          0.36244537	         -0.02730684	          0.38298169	          0.92335224	         -0.91992030	         -0.37106959	          0.12670435	         -1.43442590	          0.37089033	          1.13769234	
          1.31000000	          0.31213671	         -0.87988196	          0.35829934	         -0.02664036	          0.36888772	          0.92909210	         -0.94966361	         -0.29954898	          0.09170303	         -1.47241322	          0.36644565	          1.22989759	
          1.32000000	          0.30379769	         -0.88754156	          0.34637687	         -0.02724307	          0.35531879	          0.93434810	         -0.95234698	         -0.29328917	          0.08376567	         -1.48138390	          0.35370612	          1.24100545	
          1.33000000	          0.31617752	         -0.88793240	          0.33407759	         -0.03004923	          0.34259263	          0.93900337	         -0.94822403	         -0.30693053	          0.08163840	         -1.48407285	          0.34062642	          1.22871278	
          1.34000000	          0.32705870	         -0.88802097	          0.32318935	         -0.03515934	          0.33032643	          0.94321168	         -0.94434974	         -0.31984871	          0.07681390	         -1.48953699	          0.32909777	          1.21791196	
          1.35000000	          0.36182332	         -0.87871610	          0.31135494	         -0.04301850	          0.31789004	          0.94715117	         -0.93125361	         -0.35609540	          0.07721898	         -1.48944862	          0.31661851	          1.18019021	
          1.36000000	          0.36021952	         -0.88220640	          0.30323878	         -0.05387658	          0.30484412	          0.95087716	         -0.93131048	         -0.35886198	          0.06228054	         -1.50539176	          0.30808964	          1.18314109	
          1.37000000	          0.35743224	         -0.88583128	          0.29588028	         -0.06766237	          0.29141496	          0.95420078	         -0.93148484	         -0.36108208	          0.04422366	         -1.52448318	          0.30037693	          1.18727702	
          1.38000000	          0.31145832	         -0.90488656	          0.29012760	         -0.08355940	          0.27805147	          0.95692487	         -0.94657886	         -0.32228510	          0.01098967	         -1.55931247	          0.29436017	          1.23930145	
          1.39000000	          0.33087892	         -0.90011824	          0.28338366	         -0.10070383	          0.26490376	          0.95900195	         -0.93828454	         -0.34585135	         -0.00299428	         -1.57391861	          0.28732057	          1.21853350	
          1.40000000	          0.32254798	         -0.90512783	          0.27695924	         -0.11816545	          0.25180483	          0.96053696	         -0.93914841	         -0.34254627	         -0.02573570	         -1.59758295	          0.28062811	          1.22847017	
          1.41000000	          0.31437521	         -0.91001245	          0.27026945	         -0.13520871	          0.23887827	          0.96159023	         -0.93962058	         -0.33884291	         -0.04794420	         -1.62061436	          0.27367289	          1.23816950	
          1.42000000	          0.30422037	         -0.91554745	          0.26310234	         -0.15128630	          0.22625309	          0.96224841	         -0.94051179	         -0.33253934	         -0.06967898	         -1.64308283	          0.26623644	          1.24999185	
          1.43000000	          0.29552809	         -0.92050584	          0.25560155	         -0.16650704	          0.21382651	          0.96257656	         -0.94071173	         -0.32702787	         -0.09007896	         -1.66410567	          0.25846987	          1.26014151	
          1.44000000	          0.29494326	         -0.92257863	          0.24871096	         -0.18142758	          0.20148319	          0.96254276	         -0.93813246	         -0.32901853	         -0.10795510	         -1.68248573	          0.25134917	          1.26137058	
          1.45000000	          0.29292644	         -0.92504975	          0.24182030	         -0.19666745	          0.18921319	          0.96203965	         -0.93569013	         -0.32936503	         -0.12650163	         -1.70153939	          0.24424139	          1.26412589	
          1.46000000	          0.29070635	         -0.92746779	          0.23514533	         -0.21260210	          0.17700207	          0.96097378	         -0.93289344	         -0.32935357	         -0.14572598	         -1.72129378	          0.23736809	          1.26705449	
          1.47000000	          0.28834675	         -0.92982256	          0.22866167	         -0.22924212	          0.16482377	          0.95931287	         -0.92967962	         -0.32903363	         -0.16562810	         -1.74176368	          0.23070271	          1.27009082	
          1.48000000	          0.28598023	         -0.93210199	          0.22226379	         -0.24627751	          0.15266384	          0.95710038	         -0.92604681	         -0.32845036	         -0.18589692	         -1.76263701	          0.22413573	          1.27310162	
          1.49000000	          0.28377364	         -0.93428956	          0.21581366	         -0.26320961	          0.14052521	          0.95444925	         -0.92205923	         -0.32765177	         -0.20603664	         -1.78340358	          0.21752505	          1.27591920	
          1.50000000	          0.28189402	         -0.93636497	          0.20918030	         -0.27949204	          0.12842452	          0.95152054	         -0.91783439	         -0.32669218	         -0.22550445	         -1.80349688	          0.21073664	          1.27837520	
          1.51000000	          0.28048041	         -0.93830722	          0.20226295	         -0.29463850	          0.11638518	          0.94849493	         -0.91352005	         -0.32562870	         -0.24381767	         -1.82240617	          0.20366808	          1.28032907	
          1.52000000	          0.27962645	         -0.94009791	          0.19499995	         -0.30828899	          0.10443075	          0.94554329	         -0.90926726	         -0.32451525	         -0.26062024	         -1.83974829	          0.19625739	          1.28168617	
          1.53000000	          0.27937615	         -0.94172339	          0.18736603	         -0.32022820	          0.09258096	          0.94280574	         -0.90520874	         -0.32339732	         -0.27570147	         -1.85529064	          0.18848000	          1.28240218	
          1.54000000	          0.27973191	         -0.94317537	          0.17936074	         -0.33035718	          0.08085136	          0.94038672	         -0.90145116	         -0.32230928	         -0.28896805	         -1.86892441	          0.18033661	          1.28247526	
          1.55000000	          0.28066647	         -0.94445053	          0.17099572	         -0.33865223	          0.06925416	          0.93835949	         -0.89807628	         -0.32127413	         -0.30040296	         -1.88062293	          0.17184018	          1.28193388	
          1.56000000	          0.28213091	         -0.94554957	          0.16229037	         -0.34515402	          0.05779632	          0.93676480	         -0.89513734	         -0.32030548	         -0.31005410	         -1.89043094	          0.16301135	          1.28082854	
          1.57000000	          0.28405871	         -0.94647605	          0.15327664	         -0.34999030	          0.04647533	          0.93559972	         -0.89264631	         -0.31941059	         -0.31805572	         -1.89848867	          0.15388325	          1.27922720	
          1.58000000	          0.28637092	         -0.94723502	          0.14400526	         -0.35339567	          0.03527647	          0.93480857	         -0.89056342	         -0.31859282	         -0.32464660	         -1.90505192	          0.14450768	          1.27720972	
          1.59000000	          0.28898456	         -0.94783194	          0.13454570	         -0.35569748	          0.02417455	          0.93428844	         -0.88880100	         -0.31785250	         -0.33015536	         -1.91047579	          0.13495498	          1.27485927	
          1.60000000	          0.29182145	         -0.94827228	          0.12497972	         -0.35727359	          0.01313903	          0.93390735	         -0.88724057	         -0.31718615	         -0.33495839	         -1.91516816	          0.12530739	          1.27225370	
          1.61000000	          0.29481405	         -0.94856175	          0.11539183	         -0.35850161	          0.00214013	          0.93352666	         -0.88575463	         -0.31658494	         -0.33942998	         -1.91953491	          0.11564946	          1.26945994	
          1.62000000	          0.29790882	         -0.94870688	          0.10585643	         -0.35970065	         -0.00884489	          0.93302584	         -0.88423174	         -0.31603325	         -0.34388545	         -1.92391797	          0.10605513	          1.26653124	
          1.63000000	          0.30106751	         -0.94871568	          0.09642052	         -0.36106166	         -0.01982477	          0.93233120	         -0.88260571	         -0.31550839	         -0.34851345	         -1.92852210	          0.09657056	          1.26350617	
          1.64000000	          0.30426512	         -0.94859809	          0.08708843	         -0.36259339	         -0.03078963	          0.93143869	         -0.88087954	         -0.31498200	         -0.35332361	         -1.93335866	          0.08719890	          1.26041102	
          1.65000000	          0.30748350	         -0.94836590	          0.07782038	         -0.36413119	         -0.04171305	          0.93041308	         -0.87912592	         -0.31442350	         -0.35815568	         -1.93825522	          0.07789914	          1.25726596	
          1.66000000	          0.31070357	         -0.94803160	          0.06855193	         -0.36542972	         -0.05256294	          0.92935368	         -0.87745337	         -0.31380442	         -0.36277042	         -1.94295355	          0.06860573	          1.25409229	
          1.67000000	          0.31390166	         -0.94760630	          0.05922870	         -0.36630794	         -0.06331794	          0.92833686	         -0.87594763	         -0.31310243	         -0.36699132	         -1.94726283	          0.05926339	          1.25091522	
          1.68000000	          0.31705382	         -0.94709713	          0.04983879	         -0.36677092	         -0.07398119	          0.92736502	         -0.87461761	         -0.31230404	         -0.37082370	         -1.95118900	          0.04985944	          1.24775892	
          1.69000000	          0.32014674	         -0.94650517	          0.04042310	         -0.36703499	         -0.08458377	          0.92635355	         -0.87337928	         -0.31140576	         -0.37447974	         -1.95496234	          0.04043412	          1.24463550	
          1.70000000	          0.32318811	         -0.94582499	          0.03105686	         -0.36743942	         -0.09517547	          0.92516480	         -0.87208814	         -0.31041378	         -0.37829297	         -1.95894509	          0.03106186	          1.24153504	
          1.71000000	          0.32620887	         -0.94504596	          0.02181548	         -0.36830467	         -0.10580868	          0.92366454	         -0.87059718	         -0.30934231	         -0.38258057	         -1.96348265	          0.02181722	          1.23842391	
          1.72000000	          0.32925638	         -0.94415449	          0.01274894	         -0.36983106	         -0.11652515	          0.92176292	         -0.86880102	         -0.30821128	         -0.38754431	         -1.96879672	          0.01274928	          1.23525205	
          1.73000000	          0.33238434	         -0.94313604	          0.00388064	         -0.37209349	         -0.12735185	          0.91941717	         -0.86664127	         -0.30704383	         -0.39326454	         -1.97497909	          0.00388065	          1.23196314	
          1.74000000	          0.33564672	         -0.94197586	         -0.00477069	         -0.37512049	         -0.13830586	          0.91660030	         -0.86407517	         -0.30586430	         -0.39977635	         -1.98207413	         -0.00477071	          1.22850058	
          1.75000000	          0.33909897	         -0.94065863	         -0.01316173	         -0.37899641	         -0.14940314	          0.91325814	         -0.86103055	         -0.30469665	         -0.40716869	         -1.99018695	         -0.01316211	          1.22480614	
          1.76000000	          0.34280295	         -0.93916788	         -0.02120910	         -0.38390990	         -0.16066411	          0.90928556	         -0.85737934	         -0.30356339	         -0.41563198	         -1.99953667	         -0.02121069	          1.22081521	
          1.77000000	          0.34682816	         -0.93748635	         -0.02880231	         -0.39010366	         -0.17211114	          0.90454236	         -0.85295332	         -0.30248488	         -0.42540985	         -2.01040614	         -0.02880629	          1.21645562	
          1.78000000	          0.35124464	         -0.93559750	         -0.03584008	         -0.39775213	         -0.18375962	          0.89890247	         -0.84759687	         -0.30147921	         -0.43668048	         -2.02301383	         -0.03584776	          1.21165503	
          1.79000000	          0.35610985	         -0.93348759	         -0.04226918	         -0.40684510	         -0.19560912	          0.89230832	         -0.84122698	         -0.30056278	         -0.44944319	         -2.03738837	         -0.04228178	          1.20635389	
          1.80000000	          0.36145696	         -0.93114696	         -0.04810620	         -0.41714257	         -0.20764030	          0.88480370	         -0.83387106	         -0.29975131	         -0.46347407	         -2.05331447	         -0.04812478	          1.20051690	
          1.81000000	          0.36729042	         -0.92857010	         -0.05343517	         -0.42821507	         -0.21981865	          0.87653386	         -0.82566918	         -0.29906074	         -0.47836500	         -2.07036777	         -0.05346063	          1.19413714	
          1.82000000	          0.37358953	         -0.92575477	         -0.05838637	         -0.43953809	         -0.23210222	          0.86771817	         -0.81684584	         -0.29850740	         -0.49361544	         -2.08800859	         -0.05841959	          1.18723225	
          1.83000000	          0.38031562	         -0.92270098	         -0.06311052	         -0.45058670	         -0.24444830	          0.85861322	         -0.80767051	         -0.29810725	         -0.50872430	         -2.10567939	         -0.06315249	          1.17983728	
          1.84000000	          0.38741776	         -0.91941068	         -0.06776039	         -0.46089296	         -0.25681613	          0.84948405	         -0.79842668	         -0.29787492	         -0.52324504	         -2.12286584	         -0.06781236	          1.17199909	
          1.85000000	          0.39483662	         -0.91588794	         -0.07247977	         -0.47007228	         -0.26916728	          0.84058374	         -0.78938970	         -0.29782251	         -0.53681063	         -2.13912740	         -0.07254338	          1.16377275	
          1.86000000	          0.40250905	         -0.91213876	         -0.07739088	         -0.47784742	         -0.28146713	          0.83212866	         -0.78079979	         -0.29795828	         -0.54915622	         -2.15412857	         -0.07746834	          1.15521715	
          1.87000000	          0.41037501	         -0.90817031	         -0.08257753	         -0.48407718	         -0.29368845	          0.82426718	         -0.77282704	         -0.29828475	         -0.56014692	         -2.16767862	         -0.08267167	          1.14638831	
          1.88000000	          0.41838431	         -0.90399003	         -0.08807153	         -0.48876973	         -0.30581425	          0.81705679	         -0.76554472	         -0.29879704	         -0.56979085	         -2.17975497	         -0.08818579	          1.13733290	
          1.89000000	          0.42649927	         -0.89960542	         -0.09385340	         -0.49205882	         -0.31783698	          0.81046763	         -0.75893115	         -0.29948246	         -0.57821602	         -2.19048231	         -0.09399173	          1.12808589	
          1.90000000	          0.43469148	         -0.89502471	         -0.09987035	         -0.49414487	         -0.32975376	          0.80441488	         -0.75290382	         -0.30032187	         -0.58561302	         -2.20006730	         -0.10003712	          1.11867393	
          1.91000000	          0.44293523	         -0.89025797	         -0.10606192	         -0.49523028	         -0.34156089	          0.79880106	         -0.74736561	         -0.30129205	         -0.59217206	         -2.20872298	         -0.10626178	          1.10912201	
          1.92000000	          0.45120223	         -0.88531770	         -0.11237936	         -0.49547893	         -0.35325096	          0.79354546	         -0.74223795	         -0.30236788	         -0.59804389	         -2.21661999	         -0.11261725	          1.09945849	
          1.93000000	          0.45945901	         -0.88021869	         -0.11879598	         -0.49500124	         -0.36481269	          0.78859715	         -0.73747623	         -0.30352391	         -0.60332582	         -2.22386771	         -0.11907719	          1.08971754	
          1.94000000	          0.46766454	         -0.87497775	         -0.12531488	         -0.49384630	         -0.37623135	          0.78394247	         -0.73307960	         -0.30473581	         -0.60805459	         -2.23050408	         -0.12564520	          1.07994097	
