name C:\Users\u0101727\Documents\MyRepositories\upper-imu-dc\Results\main_tracking\Case_46\FLX02_orientations_groundFrame.mot
datacolumns 13
datarows 650
range 0.510000 7.000000
endheader 
time	radius_imu_[0][0]	radius_imu_[0][1]	radius_imu_[0][2]	radius_imu_[1][0]	radius_imu_[1][1]	radius_imu_[1][2]	radius_imu_[2][0]	radius_imu_[2][1]	radius_imu_[2][2]	radius_imu_x	radius_imu_y	radius_imu_z	
          0.51000000	          0.65032111	          0.02011389	          0.75939311	         -0.15145411	          0.98301346	          0.10366380	         -0.74440857	         -0.18242796	          0.64232073	         -0.16000975	          0.86237983	         -0.03091932	
          0.52000000	          0.64865303	          0.01891115	          0.76084927	         -0.15243780	          0.98266228	          0.10553467	         -0.74566210	         -0.18443757	          0.64028964	         -0.16335462	          0.86462084	         -0.02914623	
          0.53000000	          0.64684323	          0.01766674	          0.76241834	         -0.15341855	          0.98230751	          0.10739979	         -0.74703185	         -0.18643994	          0.63810936	         -0.16674657	          0.86704222	         -0.02730546	
          0.54000000	          0.64489186	          0.01638096	          0.76409826	         -0.15438635	          0.98195186	          0.10924928	         -0.74851810	         -0.18842031	          0.63578176	         -0.17017264	          0.86964234	         -0.02539564	
          0.55000000	          0.64280536	          0.01505710	          0.76588155	         -0.15533669	          0.98159695	          0.11107625	         -0.75011452	         -0.19036991	          0.63331470	         -0.17362281	          0.87241125	         -0.02341976	
          0.56000000	          0.64059084	          0.01369623	          0.76776024	         -0.15626573	          0.98124392	          0.11287776	         -0.75181407	         -0.19228307	          0.63071612	         -0.17709277	          0.87533820	         -0.02137736	
          0.57000000	          0.63825335	          0.01229602	          0.76972818	         -0.15716879	          0.98089369	          0.11465400	         -0.75361173	         -0.19415555	          0.62799123	         -0.18058370	          0.87841524	         -0.01926272	
          0.58000000	          0.63579333	          0.01085064	          0.77178307	         -0.15803961	          0.98054724	          0.11640702	         -0.75550666	         -0.19598310	          0.62514023	         -0.18410094	          0.88164047	         -0.01706464	
          0.59000000	          0.63320132	          0.00935070	          0.77393065	         -0.15886990	          0.98020592	          0.11813852	         -0.75750673	         -0.19775975	          0.62215323	         -0.18765243	          0.88502474	         -0.01476627	
          0.60000000	          0.63046060	          0.00778611	          0.77618220	         -0.15964883	          0.97987194	          0.11984674	         -0.75962601	         -0.19947523	          0.61901370	         -0.19124306	          0.88858793	         -0.01234926	
          0.61000000	          0.62753455	          0.00614598	          0.77856446	         -0.16036302	          0.97954888	          0.12152242	         -0.76189507	         -0.20111246	          0.61568635	         -0.19487233	          0.89237508	         -0.00979355	
          0.62000000	          0.62427093	          0.00439413	          0.78119556	         -0.16099610	          0.97924203	          0.12314749	         -0.76443839	         -0.20264684	          0.61201977	         -0.19856345	          0.89657860	         -0.00703870	
          0.63000000	          0.62739636	          0.00432656	          0.77868806	         -0.16152072	          0.97895919	          0.12469947	         -0.76176431	         -0.20401024	          0.61489426	         -0.20008471	          0.89257206	         -0.00689594	
          0.64000000	          0.61883874	          0.00112380	          0.78551725	         -0.16196718	          0.97869320	          0.12619928	         -0.76863856	         -0.20532502	          0.60583529	         -0.20536944	          0.90353152	         -0.00181598	
          0.65000000	          0.61851154	         -0.00011653	          0.78577571	         -0.16235344	          0.97840326	          0.12793917	         -0.76882042	         -0.20670524	          0.60513478	         -0.20835431	          0.90394928	          0.00018841	
          0.66000000	          0.61810142	         -0.00173587	          0.78609645	         -0.16270527	          0.97806065	          0.13009364	         -0.76907583	         -0.20831310	          0.60425824	         -0.21205789	          0.90446802	          0.00280839	
          0.67000000	          0.61760554	         -0.00370940	          0.78647927	         -0.16303542	          0.97766367	          0.13263938	         -0.76940422	         -0.21014279	          0.60320573	         -0.21644613	          0.90508762	          0.00600603	
          0.68000000	          0.61472723	         -0.00662243	          0.78871197	         -0.16333168	          0.97722086	          0.13550702	         -0.77164318	         -0.21212151	          0.59964262	         -0.22224668	          0.90871101	          0.01077255	
          0.69000000	          0.61692479	         -0.00833919	          0.78697793	         -0.16356223	          0.97675277	          0.13856923	         -0.76983843	         -0.21420666	          0.60121901	         -0.22652465	          0.90589543	          0.01351653	
          0.70000000	          0.61274510	         -0.01190895	          0.79019088	         -0.16371688	          0.97628250	          0.14166605	         -0.77313661	         -0.21617276	          0.59626262	         -0.23326501	          0.91112038	          0.01943296	
          0.71000000	          0.60983194	         -0.01538215	          0.79238147	         -0.16373599	          0.97579608	          0.14495704	         -0.77543248	         -0.21814080	          0.59255301	         -0.23991947	          0.91470304	          0.02521824	
          0.72000000	          0.60839148	         -0.01884935	          0.79341320	         -0.16362083	          0.97526202	          0.14863449	         -0.77658743	         -0.22024688	          0.59025696	         -0.24668448	          0.91639620	          0.03097236	
          0.73000000	          0.60809293	         -0.02246379	          0.79354796	         -0.16338461	          0.97465900	          0.15279172	         -0.77687094	         -0.22256509	          0.58901301	         -0.25380875	          0.91661763	          0.03692459	
          0.74000000	          0.60742975	         -0.02661485	          0.79392742	         -0.16305021	          0.97398150	          0.15739968	         -0.77745980	         -0.22505928	          0.58728578	         -0.26185805	          0.91724147	          0.04378752	
          0.75000000	          0.60656916	         -0.03122588	          0.79441727	         -0.16261768	          0.97322937	          0.16241945	         -0.77822191	         -0.22770493	          0.58525304	         -0.27070757	          0.91804755	          0.05143411	
          0.76000000	          0.60558447	         -0.03626241	          0.79495439	         -0.16207283	          0.97240338	          0.16782155	         -0.77910195	         -0.23047063	          0.58299523	         -0.28028316	          0.91893240	          0.05980860	
          0.77000000	          0.60457942	         -0.04168146	          0.79545357	         -0.16140718	          0.97150230	          0.17358284	         -0.78002016	         -0.23333653	          0.58062261	         -0.29050224	          0.91975566	          0.06883397	
          0.78000000	          0.60357839	         -0.04747086	          0.79588921	         -0.16061081	          0.97052352	          0.17968933	         -0.78095921	         -0.23628501	          0.57816270	         -0.30132963	          0.92047487	          0.07848747	
          0.79000000	          0.60260928	         -0.05361435	          0.79623336	         -0.15967283	          0.96946517	          0.18612329	         -0.78189938	         -0.23929646	          0.57564795	         -0.31271919	          0.92104349	          0.08873669	
          0.80000000	          0.60169762	         -0.06009517	          0.79646001	         -0.15858561	          0.96832447	          0.19286870	         -0.78282219	         -0.24235573	          0.57310830	         -0.32462567	          0.92141822	          0.09954591	
          0.81000000	          0.60085725	         -0.06689829	          0.79655206	         -0.15734192	          0.96709887	          0.19990821	         -0.78371812	         -0.24544733	          0.57056246	         -0.33700477	          0.92157047	          0.11088141	
          0.82000000	          0.60009996	         -0.07400648	          0.79649424	         -0.15593752	          0.96578560	          0.20722371	         -0.78457857	         -0.24855828	          0.56802751	         -0.34980965	          0.92147484	          0.12270403	
          0.83000000	          0.59943235	         -0.08140163	          0.79627547	         -0.15437076	          0.96438177	          0.21479636	         -0.78539832	         -0.25167754	          0.56551560	         -0.36299316	          0.92111312	          0.13497222	
          0.84000000	          0.59885772	         -0.08906438	          0.79588753	         -0.15264306	          0.96288431	          0.22260704	         -0.78617398	         -0.25479666	          0.56303564	         -0.37650809	          0.92047209	          0.14764157	
          0.85000000	          0.59837611	         -0.09697459	          0.79532507	         -0.15075915	          0.96128990	          0.23063698	         -0.78690388	         -0.25791019	          0.56059310	         -0.39030886	          0.91954364	          0.16066606	
          0.86000000	          0.59798485	         -0.10511180	          0.79458520	         -0.14872720	          0.95959475	          0.23886845	         -0.78758767	         -0.26101615	          0.55819014	         -0.40435302	          0.91832408	          0.17399918	
          0.87000000	          0.59767913	         -0.11345573	          0.79366709	         -0.14655890	          0.95779450	          0.24728564	         -0.78822595	         -0.26411644	          0.55582584	         -0.41860276	          0.91681342	          0.18759512	
          0.88000000	          0.59745214	         -0.12198710	          0.79257182	         -0.14426940	          0.95588396	          0.25587533	         -0.78882018	         -0.26721713	          0.55349592	         -0.43302672	          0.91501514	          0.20141045	
          0.89000000	          0.59729446	         -0.13068855	          0.79130262	         -0.14187702	          0.95385697	          0.26462764	         -0.78937332	         -0.27032828	          0.55119178	         -0.44760193	          0.91293653	          0.21540625	
          0.90000000	          0.59719314	         -0.13954565	          0.78986541	         -0.13940272	          0.95170626	          0.27353624	         -0.78989065	         -0.27346335	          0.54889940	         -0.46231538	          0.91058951	          0.22955044	
          0.91000000	          0.59713072	         -0.14854759	          0.78826932	         -0.13686942	          0.94942351	          0.28259823	         -0.79038071	         -0.27663805	          0.54659832	         -0.47716489	          0.90799130	          0.24381971	
          0.92000000	          0.59708465	         -0.15768751	          0.78652690	         -0.13430112	          0.94699953	          0.29181346	         -0.79085595	         -0.27986878	          0.54426128	         -0.49215876	          0.90516474	          0.25820061	
          0.93000000	          0.59702720	         -0.16696208	          0.78465418	         -0.13172223	          0.94442458	          0.30118344	         -0.79133291	         -0.28317111	          0.54185454	         -0.50731445	          0.90213810	          0.27268944	
          0.94000000	          0.59692586	         -0.17637079	          0.78267034	         -0.12915705	          0.94168875	          0.31071009	         -0.79183203	         -0.28655828	          0.53933884	         -0.52265636	          0.89894446	          0.28729120	
          0.95000000	          0.59674409	         -0.18591470	          0.78059735	         -0.12662971	          0.93878239	          0.32039435	         -0.79237706	         -0.29004025	          0.53667052	         -0.53821351	          0.89562095	          0.30201775	
          0.96000000	          0.59644201	         -0.19559531	          0.77845964	         -0.12416441	          0.93569651	          0.33023513	         -0.79299441	         -0.29362309	          0.53380273	         -0.55401738	          0.89220807	          0.31688588	
          0.97000000	          0.59597737	         -0.20541343	          0.77628365	         -0.12178579	          0.93242308	          0.34022847	         -0.79371229	         -0.29730878	          0.53068662	         -0.57010022	          0.88874884	          0.33191549	
          0.98000000	          0.59530673	         -0.21536829	          0.77409715	         -0.11951926	          0.92895536	          0.35036706	         -0.79455966	         -0.30109539	          0.52727272	         -0.58649366	          0.88528770	          0.34712782	
          0.99000000	          0.59438719	         -0.22545685	          0.77192815	         -0.11739113	          0.92528805	          0.36064019	         -0.79556470	         -0.30497743	          0.52351273	         -0.60322738	          0.88186866	          0.36254371	
          1.00000000	          0.59317854	         -0.23567344	          0.76980338	         -0.11542833	          0.92141743	          0.37103399	         -0.79675311	         -0.30894652	          0.51936165	         -0.62032774	          0.87853305	          0.37818188	
          1.01000000	          0.59164531	         -0.24600974	          0.76774673	         -0.11365772	          0.91734139	          0.38153204	         -0.79814645	         -0.31299198	          0.51477982	         -0.63781674	          0.87531711	          0.39405765	
          1.02000000	          0.58975866	         -0.25645521	          0.76577768	         -0.11210505	          0.91305938	          0.39211610	         -0.79976070	         -0.31710140	          0.50973475	         -0.65571096	          0.87224971	          0.41018210	
          1.03000000	          0.58749796	         -0.26699775	          0.76390990	         -0.11079337	          0.90857231	          0.40276692	         -0.80160525	         -0.32126090	          0.50420280	         -0.67402058	          0.86935041	          0.42656150	
          1.04000000	          0.58485210	         -0.27762447	          0.76215004	         -0.10974131	          0.90388250	          0.41346496	         -0.80368207	         -0.32545519	          0.49817070	         -0.69274796	          0.86662768	          0.44319681	
          1.05000000	          0.58182058	         -0.28832231	          0.76049659	         -0.10896113	          0.89899362	          0.42419092	         -0.80598529	         -0.32966757	          0.49163706	         -0.71188588	          0.86407753	          0.46008283	
          1.06000000	          0.57841465	         -0.29907846	          0.75893911	         -0.10845686	          0.89391070	          0.43492616	         -0.80850084	         -0.33387981	          0.48461393	         -0.73141521	          0.86168233	          0.47720690	
          1.07000000	          0.57465839	         -0.30988046	          0.75745748	         -0.10822269	          0.88864007	          0.44565310	         -0.81120625	         -0.33807238	          0.47712837	         -0.75130225	          0.85940999	          0.49454691	
          1.08000000	          0.57058959	         -0.32071614	          0.75602161	         -0.10824175	          0.88318929	          0.45635557	         -0.81407079	         -0.34222484	          0.46922373	         -0.77149624	          0.85721351	          0.51206922	
          1.09000000	          0.56625992	         -0.33157369	          0.75459167	         -0.10848532	          0.87756695	          0.46701947	         -0.81705608	         -0.34631652	          0.46096011	         -0.79192769	          0.85503163	          0.52972700	
          1.10000000	          0.56173391	         -0.34244206	          0.75311915	         -0.10891268	          0.87178229	          0.47763341	         -0.82011770	         -0.35032710	          0.45241339	         -0.81250845	          0.85279048	          0.54746020	
          1.11000000	          0.55708664	         -0.35331166	          0.75154863	         -0.10947139	          0.86584473	          0.48818942	         -0.82320744	         -0.35423688	          0.44367301	         -0.83313331	          0.85040651	          0.56519707	
          1.12000000	          0.55240082	         -0.36417523	          0.74981980	         -0.11009807	          0.85976341	          0.49868356	         -0.82627583	         -0.35802692	          0.43483903	         -0.85368282	          0.84778968	          0.58285670	
          1.13000000	          0.54776389	         -0.37502834	          0.74786928	         -0.11071950	          0.85354668	          0.50911616	         -0.82927433	         -0.36167916	          0.42601910	         -0.87402638	          0.84484660	          0.60035172	
          1.14000000	          0.54326543	         -0.38586955	          0.74563219	         -0.11125417	          0.84720168	          0.51949189	         -0.83215694	         -0.36517668	          0.41732579	         -0.89402542	          0.84148306	          0.61759078	
          1.15000000	          0.53899495	         -0.39670029	          0.74304329	         -0.11161400	          0.84073399	          0.52981947	         -0.83488128	         -0.36850405	          0.40887407	         -0.91353659	          0.83760630	          0.63448073	
          1.16000000	          0.53503967	         -0.40752439	          0.74003812	         -0.11170655	          0.83414727	          0.54011108	         -0.83740922	         -0.37164796	          0.40077874	         -0.93241542	          0.83312704	          0.65092902	
          1.17000000	          0.53148210	         -0.41834765	          0.73655415	         -0.11143746	          0.82744294	          0.55038157	         -0.83970737	         -0.37459768	          0.39315151	         -0.95052059	          0.82796157	          0.66684646	
          1.18000000	          0.52839723	         -0.42917732	          0.73253204	         -0.11071339	          0.82061997	          0.56064732	         -0.84174754	         -0.37734559	          0.38609764	         -0.96771898	          0.82203413	          0.68215075	
          1.19000000	          0.52584927	         -0.44002156	          0.72791729	         -0.10944523	          0.81367470	          0.57092489	         -0.84350714	         -0.37988751	          0.37971198	         -0.98389147	          0.81527953	          0.69677050	
          1.20000000	          0.52388792	         -0.45088901	          0.72266213	         -0.10755188	          0.80660079	          0.58122952	         -0.84496985	         -0.38222279	          0.37407445	         -0.99893932	          0.80764606	          0.71064988	
          1.21000000	          0.52254448	         -0.46178843	          0.71672779	         -0.10496422	          0.79938930	          0.59157355	         -0.84612634	         -0.38435426	          0.36924520	         -1.01279076	          0.79909860	          0.72375330	
          1.22000000	          0.52182808	         -0.47272828	          0.71008692	         -0.10162938	          0.79202879	          0.60196500	         -0.84697516	         -0.38628794	          0.36525978	         -1.02540710	          0.78962164	          0.73606966	
          1.23000000	          0.52172283	         -0.48371627	          0.70272602	         -0.09751501	          0.78450566	          0.61240647	         -0.84752352	         -0.38803277	          0.36212492	         -1.03678759	          0.77922187	          0.74761520	
          1.24000000	          0.52218611	         -0.49475886	          0.69464763	         -0.09261319	          0.77680447	          0.62289454	         -0.84778798	         -0.38960041	          0.35981531	         -1.04697244	          0.76792994	          0.75843446	
          1.25000000	          0.52314818	         -0.50586094	          0.68587222	         -0.08694371	          0.76890831	          0.63341992	         -0.84779524	         -0.39100476	          0.35827155	         -1.05604404	          0.75580158	          0.76859986	
          1.26000000	          0.52451253	         -0.51702603	          0.67643972	         -0.08055622	          0.76079924	          0.64396833	         -0.84758321	         -0.39226089	          0.35739907	         -1.06412644	          0.74291777	          0.77821036	
          1.27000000	          0.52615816	         -0.52825659	          0.66641021	         -0.07353049	          0.75245891	          0.65452185	         -0.84720178	         -0.39338348	          0.35706943	         -1.07138189	          0.72938364	          0.78738830	
          1.28000000	          0.52794380	         -0.53955439	          0.65586310	         -0.06597466	          0.74386926	          0.66506080	         -0.84671287	         -0.39438507	          0.35712424	         -1.07800433	          0.71532541	          0.79627419	
          1.29000000	          0.52971448	         -0.55092066	          0.64489456	         -0.05802101	          0.73501335	          0.67556565	         -0.84618918	         -0.39527434	          0.35738224	         -1.08420950	          0.70088531	          0.80501946	
          1.30000000	          0.53131016	         -0.56235579	          0.63361303	         -0.04981945	          0.72587634	          0.68601863	         -0.84571126	         -0.39605492	          0.35764922	         -1.09022252	          0.68621445	          0.81377731	
          1.31000000	          0.53257485	         -0.57385888	          0.62213345	         -0.04152956	          0.71644647	          0.69640488	         -0.84536343	         -0.39672465	          0.35772926	         -1.09626470	          0.67146478	          0.82269356	
          1.32000000	          0.53336486	         -0.58542727	          0.61057091	         -0.03331208	          0.70671591	          0.70671276	         -0.84522910	         -0.39727514	          0.35743564	         -1.10254166	          0.65678127	          0.83189909	
          1.33000000	          0.53355525	         -0.59705616	          0.59903484	         -0.02532089	          0.69668159	          0.71693348	         -0.84538609	         -0.39769172	          0.35660012	         -1.10923378	          0.64229520	          0.84150433	
          1.34000000	          0.53304426	         -0.60873805	          0.58762386	         -0.01769614	          0.68634597	          0.72705987	         -0.84590228	         -0.39795376	          0.35508046	         -1.11648901	          0.62811906	          0.85159572	
          1.35000000	          0.53175618	         -0.62046189	          0.57642208	         -0.01055878	          0.67571789	          0.73708470	         -0.84683167	         -0.39803565	          0.35276585	         -1.12441800	          0.61434337	          0.86223351	
          1.36000000	          0.52964305	         -0.63221186	          0.56549660	         -0.00400678	          0.66481354	          0.74699859	         -0.84821117	         -0.39790844	          0.34958074	         -1.13309087	          0.60103525	          0.87345011	
          1.37000000	          0.52668601	         -0.64396557	          0.55489656	          0.00188704	          0.65365759	          0.75678808	         -0.85005781	         -0.39754258	          0.34548749	         -1.14253515	          0.58823863	          0.88524815	
          1.38000000	          0.52289771	         -0.65569134	          0.54465297	          0.00707568	          0.64228436	          0.76643378	         -0.85236607	         -0.39691267	          0.34048849	         -1.15273407	          0.57597527	          0.89759667	
          1.39000000	          0.51832950	         -0.66734317	          0.53477810	          0.01153735	          0.63073907	          0.77590922	         -0.85510316	         -0.39600671	          0.33463004	         -1.16362295	          0.56424512	          0.91042125	
          1.40000000	          0.51309614	         -0.67884801	          0.52525968	          0.01527359	          0.61907878	          0.78518035	         -0.85819524	         -0.39485040	          0.32801538	         -1.17507567	          0.55302026	          0.92357216	
          1.41000000	          0.50746855	         -0.69006306	          0.51603163	          0.01830733	          0.60737304	          0.79420579	         -0.86147577	         -0.39358730	          0.32085593	         -1.18684991	          0.54221159	          0.93670848	
          1.42000000	          0.50220536	         -0.70062753	          0.50686374	          0.02068053	          0.59570334	          0.80293826	         -0.86450107	         -0.39275768	          0.31365476	         -1.19839032	          0.53154264	          0.94888815	
          1.43000000	          0.49939301	         -0.70959079	          0.49707900	          0.02246175	          0.58415683	          0.81132994	         -0.86608434	         -0.39400723	          0.30766249	         -1.20834190	          0.52022916	          0.95754059	
          1.44000000	          0.50225769	         -0.71547464	          0.48562665	          0.02373607	          0.57279681	          0.81935365	         -0.86439216	         -0.39999981	          0.30467416	         -1.21479283	          0.50707988	          0.95873449	
          1.45000000	          0.48109889	         -0.73172678	          0.48282480	          0.02423380	          0.56164080	          0.82702620	         -0.87633132	         -0.38618071	          0.28793728	         -1.23576181	          0.50387755	          0.98917769	
          1.46000000	          0.47662084	         -0.74011397	          0.47440898	          0.02426862	          0.55051909	          0.83446975	         -0.87877392	         -0.38621242	          0.28035041	         -1.24668153	          0.49429253	          0.99866260	
          1.47000000	          0.47219482	         -0.74822854	          0.46603230	          0.02355875	          0.53920758	          0.84184332	         -0.88117935	         -0.38653491	          0.27223836	         -1.25802706	          0.48480100	          1.00783419	
          1.48000000	          0.46730154	         -0.75636812	          0.45775161	          0.02208539	          0.52758658	          0.84921413	         -0.88382210	         -0.38672945	          0.26324670	         -1.27020105	          0.47546465	          1.01737474	
          1.49000000	          0.46186496	         -0.76457682	          0.44955872	          0.01986917	          0.51565082	          0.85656841	         -0.88672768	         -0.38668658	          0.25335255	         -1.28321907	          0.46627126	          1.02738281	
          1.50000000	          0.45596775	         -0.77280458	          0.44143686	          0.01695528	          0.50345131	          0.86385722	         -0.88983478	         -0.38640635	          0.24266067	         -1.29694984	          0.45719937	          1.03774970	
          1.51000000	          0.44980381	         -0.78094456	          0.43336142	          0.01339698	          0.49106295	          0.87102107	         -0.89302690	         -0.38598286	          0.23134429	         -1.31118888	          0.44821930	          1.04823032	
          1.52000000	          0.44389630	         -0.78874805	          0.42524416	          0.00925279	          0.47857076	          0.87800024	         -0.89603039	         -0.38580636	          0.21973390	         -1.32556701	          0.43923163	          1.05818970	
          1.53000000	          0.43992265	         -0.79547550	          0.41675747	          0.00459109	          0.46606287	          0.88473969	         -0.89802393	         -0.38730366	          0.20868371	         -1.33915988	          0.42987532	          1.06562900	
          1.54000000	          0.44077194	         -0.79985163	          0.40737876	         -0.00051177	          0.45361967	          0.89119523	         -0.89761898	         -0.39302233	          0.19953349	         -1.35053460	          0.41958202	          1.06713419	
          1.55000000	          0.42447049	         -0.81135391	          0.40190749	         -0.00613259	          0.44129360	          0.89734182	         -0.90542100	         -0.38335986	          0.18234041	         -1.37032515	          0.41359903	          1.08879035	
          1.56000000	          0.42290583	         -0.81630029	          0.39345202	         -0.01208972	          0.42906928	          0.90319067	         -0.90609299	         -0.38672132	          0.17158706	         -1.38305486	          0.40438345	          1.09279248	
          1.57000000	          0.38430620	         -0.83614806	          0.39136323	         -0.01844987	          0.41687708	          0.90877561	         -0.92302132	         -0.35646870	          0.14478162	         -1.41280900	          0.40211252	          1.13997539	
          1.58000000	          0.40969236	         -0.82988599	          0.37873660	         -0.02529967	          0.40468294	          0.91410702	         -0.91187285	         -0.38408458	          0.14479967	         -1.41369605	          0.38843082	          1.11222306	
          1.59000000	          0.37893584	         -0.84618194	          0.37467819	         -0.03244340	          0.39247632	          0.91918973	         -0.92485407	         -0.36046977	          0.12127032	         -1.43962214	          0.38404965	          1.14975810	
          1.60000000	          0.39487877	         -0.84346477	          0.36419492	         -0.03997853	          0.38025905	          0.92401557	         -0.91786299	         -0.37943411	          0.11643574	         -1.44544642	          0.37276821	          1.13294135	
          1.61000000	          0.39590141	         -0.84652484	          0.35589010	         -0.04773567	          0.36806041	          0.92857570	         -0.91705146	         -0.38461308	          0.10530620	         -1.45787262	          0.36386636	          1.13333866	
          1.62000000	          0.37582448	         -0.85811536	          0.34984852	         -0.05572084	          0.35591580	          0.93285537	         -0.92501413	         -0.37008374	          0.08594696	         -1.47892249	          0.35740940	          1.15799567	
          1.63000000	          0.36465879	         -0.86580747	          0.34263888	         -0.06380089	          0.34387962	          0.93684377	         -0.92895286	         -0.36348898	          0.07015943	         -1.49604671	          0.34972437	          1.17216766	
          1.64000000	          0.36961145	         -0.86696144	          0.33431309	         -0.07198459	          0.33199343	          0.94053101	         -0.92639387	         -0.37169642	          0.06030071	         -1.50677049	          0.34087629	          1.16779991	
          1.65000000	          0.36333191	         -0.87243178	          0.32688335	         -0.08011225	          0.32030545	          0.94392079	         -0.92820900	         -0.36914390	          0.04648472	         -1.52158966	          0.33300387	          1.17618232	
          1.66000000	          0.37406978	         -0.87087768	          0.31881635	         -0.08814544	          0.30883106	          0.94702363	         -0.92320214	         -0.38235513	          0.03876047	         -1.52989043	          0.32448041	          1.16509336	
          1.67000000	          0.38480919	         -0.86897434	          0.31113579	         -0.09598712	          0.29758941	          0.94985631	         -0.91799148	         -0.39537846	          0.03110479	         -1.53806118	          0.31638791	          1.15391972	
          1.68000000	          0.38547684	         -0.87116528	          0.30410304	         -0.10367726	          0.28659365	          0.95242591	         -0.91687438	         -0.39866670	          0.02015519	         -1.54963754	          0.30899674	          1.15421012	
          1.69000000	          0.33787576	         -0.89297369	          0.29738519	         -0.11119146	          0.27588284	          0.95473825	         -0.93459961	         -0.35564961	         -0.00607693	         -1.57716126	          0.30195276	          1.20907314	
          1.70000000	          0.33362772	         -0.89693838	          0.29016217	         -0.11840867	          0.26548882	          0.95681507	         -0.93523897	         -0.35357775	         -0.01763085	         -1.58922085	          0.29439629	          1.21469106	
          1.71000000	          0.33450030	         -0.89884039	          0.28318809	         -0.12537898	          0.25538070	          0.95867659	         -0.93401802	         -0.35618344	         -0.02727078	         -1.59923493	          0.28711666	          1.21452971	
          1.72000000	          0.33467121	         -0.90089362	          0.27637993	         -0.13201965	          0.24557514	          0.96034560	         -0.93304126	         -0.35788760	         -0.03674873	         -1.60904382	          0.28002527	          1.21510818	
          1.73000000	          0.37838911	         -0.88490245	          0.27160510	         -0.13828572	          0.23608848	          0.96184161	         -0.91525884	         -0.40150950	         -0.03303606	         -1.60512950	          0.27506043	          1.16672091	
          1.74000000	          0.38155320	         -0.88532850	          0.26572656	         -0.14426032	          0.22691799	          0.96317038	         -0.91302033	         -0.40583454	         -0.04113648	         -1.61347984	          0.26895750	          1.16387690	
          1.75000000	          0.32349684	         -0.91085880	          0.25629289	         -0.15000232	          0.21806620	          0.96433730	         -0.93426393	         -0.35040460	         -0.06608721	         -1.63922056	          0.25918503	          1.22953572	
          1.76000000	          0.32407869	         -0.91233424	          0.25023836	         -0.15549849	          0.20954514	          0.96535540	         -0.93316302	         -0.35176280	         -0.07395748	         -1.64725863	          0.25292644	          1.22947942	
          1.77000000	          0.37870983	         -0.89143846	          0.24882994	         -0.16075681	          0.20141103	          0.96622505	         -0.91144726	         -0.40592003	         -0.06702846	         -1.64005684	          0.25147201	          1.16906965	
          1.78000000	          0.32137307	         -0.91637554	          0.23869482	         -0.16575691	          0.19373710	          0.96694911	         -0.93233256	         -0.35031672	         -0.08963369	         -1.66322960	          0.24102160	          1.23349787	
          1.79000000	          0.32191237	         -0.91749645	          0.23360797	         -0.17056548	          0.18650396	          0.96753485	         -0.93127861	         -0.35130689	         -0.09645530	         -1.67015983	          0.23578668	          1.23335599	
          1.80000000	          0.32224290	         -0.91858814	          0.22881290	         -0.17518570	          0.17966621	          0.96800311	         -0.93030612	         -0.35201688	         -0.10302735	         -1.67683001	          0.23085806	          1.23340688	
          1.81000000	          0.32193691	         -0.91984320	          0.22415423	         -0.17964153	          0.17310939	          0.96838116	         -0.92956202	         -0.35202504	         -0.10951174	         -1.68340534	          0.22607509	          1.23412946	
          1.82000000	          0.32029961	         -0.92156297	          0.21938517	         -0.18395892	          0.16666959	          0.96870035	         -0.92928321	         -0.35063220	         -0.11614553	         -1.69012500	          0.22118424	          1.23629574	
          1.83000000	          0.38732113	         -0.89453642	          0.22312985	         -0.18822252	          0.16019942	          0.96897287	         -0.90252680	         -0.41730173	         -0.10632328	         -1.68008692	          0.22502410	          1.16218154	
          1.84000000	          0.38553834	         -0.89642499	          0.21859191	         -0.19249875	          0.15354957	          0.96920935	         -0.90238818	         -0.41574603	         -0.11336144	         -1.68723010	          0.22037125	          1.16462710	
          1.85000000	          0.38281381	         -0.89878389	          0.21363778	         -0.19673169	          0.14663728	          0.96942981	         -0.90263516	         -0.41314044	         -0.12068450	         -1.69464932	          0.21529721	          1.16814314	
          1.86000000	          0.37966498	         -0.90136631	          0.20831053	         -0.20090159	          0.13946543	          0.96963289	         -0.90304654	         -0.40998557	         -0.12813579	         -1.70218380	          0.20984727	          1.17213977	
          1.87000000	          0.32387446	         -0.92590424	          0.19443936	         -0.20485784	          0.13200993	          0.96984877	         -0.92365502	         -0.35394168	         -0.14692410	         -1.72114489	          0.19568587	          1.23430628	
          1.88000000	          0.38919469	         -0.89939713	          0.19902836	         -0.20883353	          0.12428859	          0.97002108	         -0.89717113	         -0.41909085	         -0.13945182	         -1.71357968	          0.20036635	          1.16239790	
          1.89000000	          0.38369616	         -0.90318622	          0.19243677	         -0.21296429	          0.11622594	          0.97012254	         -0.89856745	         -0.41321445	         -0.14775097	         -1.72193622	          0.19364473	          1.16907384	
          1.90000000	          0.37927063	         -0.90649209	          0.18554212	         -0.21709352	          0.10774849	          0.97018589	         -0.89945772	         -0.40824301	         -0.15592772	         -1.73015298	          0.18662354	          1.17453451	
          1.91000000	          0.37634366	         -0.90912049	          0.17850880	         -0.22126754	          0.09890211	          0.97018506	         -0.89967001	         -0.40462120	         -0.16393768	         -1.73819076	          0.17947070	          1.17830980	
          1.92000000	          0.37478721	         -0.91112477	          0.17142406	         -0.22553247	          0.08974688	          0.97009309	         -0.89926061	         -0.40224018	         -0.17185224	         -1.74612759	          0.17227494	          1.18054764	
          1.93000000	          0.37409311	         -0.91272171	          0.16429674	         -0.22994228	          0.08034070	          0.96988243	         -0.89843246	         -0.40060510	         -0.17981841	         -1.75411703	          0.16504502	          1.18181428	
          1.94000000	          0.37379212	         -0.91410827	          0.15711625	         -0.23454349	          0.07073366	          0.96952880	         -0.89736771	         -0.39925282	         -0.18795846	         -1.76228670	          0.15776996	          1.18262874	
