name C:\Users\antoi\Documents\MyRepositories\upper-imu-dc\Results\main_tracking\Case_70\ABD01_orientations_groundFrame.mot
datacolumns 13
datarows 700
range 2.810000 9.800000
endheader 
time	radius_imu_[0][0]	radius_imu_[0][1]	radius_imu_[0][2]	radius_imu_[1][0]	radius_imu_[1][1]	radius_imu_[1][2]	radius_imu_[2][0]	radius_imu_[2][1]	radius_imu_[2][2]	radius_imu_x	radius_imu_y	radius_imu_z	
          2.81000000	          0.54264396	         -0.03014129	          0.83942185	         -0.20815995	          0.96335640	          0.16915637	         -0.81376100	         -0.26652569	          0.51648532	         -0.31650438	          0.99621855	          0.05548823	
          2.82000000	          0.54397212	         -0.02985883	          0.83857187	         -0.20720879	          0.96363689	          0.16872600	         -0.81311675	         -0.26554171	          0.51800459	         -0.31488568	          0.99465648	          0.05483535	
          2.83000000	          0.54530300	         -0.02958843	          0.83771664	         -0.20623504	          0.96392153	          0.16829260	         -0.81247262	         -0.26453698	          0.51952712	         -0.31326762	          0.99308854	          0.05420738	
          2.84000000	          0.54664082	         -0.02933393	          0.83685323	         -0.20522220	          0.96421457	          0.16785146	         -0.81182982	         -0.26349532	          0.52105907	         -0.31163859	          0.99150943	          0.05361074	
          2.85000000	          0.54799171	         -0.02909772	          0.83597752	         -0.20416512	          0.96451671	          0.16740406	         -0.81118536	         -0.26241349	          0.52260642	         -0.30999800	          0.98991169	          0.05304901	
          2.86000000	          0.54936071	         -0.02888182	          0.83508601	         -0.20306319	          0.96482730	          0.16695395	         -0.81053572	         -0.26129317	          0.52417338	         -0.30834987	          0.98828912	          0.05252515	
          2.87000000	          0.55075053	         -0.02868789	          0.83417676	         -0.20191844	          0.96514507	          0.16650508	         -0.80987826	         -0.26013843	          0.52576154	         -0.30670039	          0.98663835	          0.05204169	
          2.88000000	          0.55216116	         -0.02851699	          0.83324956	         -0.20073500	          0.96546837	          0.16606107	         -0.80921166	         -0.25895482	          0.52736978	         -0.30505661	          0.98495925	          0.05160028	
          2.89000000	          0.55359040	         -0.02836932	          0.83230575	         -0.19951872	          0.96579535	          0.16562496	         -0.80853568	         -0.25774897	          0.52899482	         -0.30342569	          0.98325440	          0.05120126	
          2.90000000	          0.55503488	         -0.02824415	          0.83134743	         -0.19827698	          0.96612392	          0.16519927	         -0.80785056	         -0.25652842	          0.53063231	         -0.30181434	          0.98152782	          0.05084331	
          2.91000000	          0.55649156	         -0.02813967	          0.83037660	         -0.19701832	          0.96645190	          0.16478628	         -0.80715607	         -0.25530157	          0.53227829	         -0.30022856	          0.97978322	          0.05052318	
          2.92000000	          0.55795941	         -0.02805306	          0.82939395	         -0.19575208	          0.96677690	          0.16438842	         -0.80645051	         -0.25407766	          0.53393083	         -0.29867346	          0.97802198	          0.05023565	
          2.93000000	          0.55944116	         -0.02798054	          0.82839766	         -0.19448808	          0.96709643	          0.16400881	         -0.80572947	         -0.25286675	          0.53559166	         -0.29715328	          0.97624100	          0.04997352	
          2.94000000	          0.56094494	         -0.02791755	          0.82738225	         -0.19323621	          0.96740781	          0.16365172	         -0.80498481	         -0.25167982	          0.53726784	         -0.29567151	          0.97443064	          0.04972775	
          2.95000000	          0.56248567	         -0.02785889	          0.82633756	         -0.19200615	          0.96770823	          0.16332307	         -0.80420365	         -0.25052878	          0.53897293	         -0.29423107	          0.97257311	          0.04948774	
          2.96000000	          0.56408567	         -0.02779900	          0.82524819	         -0.19080707	          0.96799465	          0.16303073	         -0.80336792	         -0.24942649	          0.54072766	         -0.29283465	          0.97064151	          0.04924169	
          2.97000000	          0.56577448	         -0.02773215	          0.82409354	         -0.18964762	          0.96826387	          0.16278470	         -0.80245437	         -0.24838681	          0.54255965	         -0.29148522	          0.96860010	          0.04897707	
          2.98000000	          0.56758744	         -0.02765275	          0.82284860	         -0.18853601	          0.96851246	          0.16259699	         -0.80143538	         -0.24742460	          0.54450197	         -0.29018657	          0.96640582	          0.04868132	
          2.99000000	          0.56956327	         -0.02755558	          0.82148547	         -0.18748038	          0.96873677	          0.16248132	         -0.80028045	         -0.24655580	          0.54659075	         -0.28894409	          0.96401119	          0.04834249	
          3.00000000	          0.57174072	         -0.02743600	          0.81997549	         -0.18648929	          0.96893286	          0.16245262	         -0.79895825	         -0.24579742	          0.54886186	         -0.28776546	          0.96136820	          0.04795001	
          3.01000000	          0.57415525	         -0.02729017	          0.81829151	         -0.18557216	          0.96909655	          0.16252648	         -0.79743885	         -0.24516755	          0.55134758	         -0.28666135	          0.95843239	          0.04749525	
          3.02000000	          0.57683598	         -0.02711509	          0.81640984	         -0.18473974	          0.96922333	          0.16271865	         -0.79569560	         -0.24468531	          0.55407365	         -0.28564576	          0.95516640	          0.04697200	
          3.03000000	          0.57980373	         -0.02690861	          0.81431171	         -0.18400428	          0.96930846	          0.16304458	         -0.79370653	         -0.24437069	          0.55705736	         -0.28473606	          0.95154237	          0.04637658	
          3.04000000	          0.58307033	         -0.02666935	          0.81198383	         -0.18337939	          0.96934693	          0.16351918	         -0.79145499	         -0.24424428	          0.56030682	         -0.28395259	          0.94754296	          0.04570765	
          3.05000000	          0.58663899	         -0.02639649	          0.80941826	         -0.18287975	          0.96933358	          0.16415665	         -0.78892946	         -0.24432690	          0.56382149	         -0.28331792	          0.94316080	          0.04496580	
          3.06000000	          0.59050587	         -0.02608948	          0.80661153	         -0.18252053	          0.96926314	          0.16497039	         -0.78612281	         -0.24463915	          0.56759371	         -0.28285572	          0.93839682	          0.04415286	
          3.07000000	          0.59466235	         -0.02574776	          0.80356315	         -0.18231664	          0.96913034	          0.16597299	         -0.78303086	         -0.24520082	          0.57161108	         -0.28258946	          0.93325754	          0.04327109	
          3.08000000	          0.59909779	         -0.02537039	          0.80027382	         -0.18228187	          0.96893003	          0.16717628	         -0.77965067	         -0.24603035	          0.57585928	         -0.28254106	          0.92775172	          0.04232238	
          3.09000000	          0.60380231	         -0.02495577	          0.79674336	         -0.18242801	          0.96865730	          0.16859136	         -0.77597860	         -0.24714416	          0.58032489	         -0.28272967	          0.92188695	          0.04130752	
          3.10000000	          0.60876923	         -0.02450141	          0.79296892	         -0.18276410	          0.96830753	          0.17022868	         -0.77200862	         -0.24855623	          0.58499785	         -0.28317063	          0.91566664	          0.04022574	
          3.11000000	          0.61399657	         -0.02400381	          0.78894361	         -0.18329574	          0.96787650	          0.17209808	         -0.76773099	         -0.25027764	          0.58987306	         -0.28387499	          0.90908790	          0.03907447	
          3.12000000	          0.61948756	         -0.02345854	          0.78465589	         -0.18402482	          0.96736041	          0.17420878	         -0.76313172	         -0.25231634	          0.59495079	         -0.28484941	          0.90214085	          0.03784956	
          3.13000000	          0.62524982	         -0.02286037	          0.78008978	         -0.18494938	          0.96675591	          0.17656937	         -0.75819284	         -0.25467709	          0.60023595	         -0.28609650	          0.89480930	          0.03654569	
          3.14000000	          0.63129366	         -0.02220359	          0.77522598	         -0.18606385	          0.96606005	          0.17918766	         -0.75289346	         -0.25736156	          0.60573630	         -0.28761563	          0.88707275	          0.03515708	
          3.15000000	          0.63762956	         -0.02148236	          0.77004354	         -0.18735948	          0.96527030	          0.18207053	         -0.74721146	         -0.26036851	          0.61145995	         -0.28940381	          0.87890939	          0.03367824	
          3.16000000	          0.64426554	         -0.02069112	          0.76452193	         -0.18882494	          0.96438442	          0.18522372	         -0.74112553	         -0.26369407	          0.61741265	         -0.29145668	          0.87029935	          0.03210479	
          3.17000000	          0.65120469	         -0.01982492	          0.75864315	         -0.19044686	          0.96340053	          0.18865158	         -0.73461721	         -0.26733200	          0.62359535	         -0.29376934	          0.86122794	          0.03043406	
          3.18000000	          0.65844327	         -0.01887979	          0.75239352	         -0.19221042	          0.96231701	          0.19235678	         -0.72767274	         -0.27127391	          0.63000227	         -0.29633688	          0.85168820	          0.02866551	
          3.19000000	          0.66596955	         -0.01785291	          0.74576526	         -0.19409986	          0.96113257	          0.19634008	         -0.72028453	         -0.27550944	          0.63661978	         -0.29915467	          0.84168279	          0.02680098	
          3.20000000	          0.67376338	         -0.01674283	          0.73875746	         -0.19609887	          0.95984627	          0.20060004	         -0.71245220	         -0.28002647	          0.64342601	         -0.30221842	          0.83122488	          0.02484460	
          3.21000000	          0.68179651	         -0.01554939	          0.73137660	         -0.19819111	          0.95845749	          0.20513294	         -0.70418307	         -0.28481126	          0.65039122	         -0.30552404	          0.82033833	          0.02280254	
          3.22000000	          0.69003357	         -0.01427371	          0.72363660	         -0.20036056	          0.95696600	          0.20993267	         -0.69549214	         -0.28984883	          0.65747878	         -0.30906742	          0.80905692	          0.02068257	
          3.23000000	          0.69843347	         -0.01291803	          0.71555839	         -0.20259199	          0.95537186	          0.21499091	         -0.68640161	         -0.29512324	          0.66464660	         -0.31284427	          0.79742313	          0.01849361	
          3.24000000	          0.70695118	         -0.01148557	          0.70716909	         -0.20487126	          0.95367544	          0.22029737	         -0.67694003	         -0.30061811	          0.67184891	         -0.31685007	          0.78548628	          0.01624520	
          3.25000000	          0.71553964	         -0.00998036	          0.69850084	         -0.20718579	          0.95187717	          0.22584042	         -0.66714097	         -0.30631722	          0.67903806	         -0.32108028	          0.77330040	          0.01394711	
          3.26000000	          0.72415173	         -0.00840706	          0.68958944	         -0.20952477	          0.94997749	          0.23160773	         -0.65704158	         -0.31220520	          0.68616636	         -0.32553063	          0.76092198	          0.01160901	
          3.27000000	          0.73274205	         -0.00677091	          0.68047281	         -0.21187927	          0.94797657	          0.23758703	         -0.64668096	         -0.31826809	          0.69318768	         -0.33019755	          0.74840767	          0.00924024	
          3.28000000	          0.74126842	         -0.00507766	          0.67118951	         -0.21424212	          0.94587422	          0.24376685	         -0.63609861	         -0.32449373	          0.70005883	         -0.33507846	          0.73581228	          0.00684986	
          3.29000000	          0.74969307	         -0.00333359	          0.66177730	         -0.21660764	          0.94366973	          0.25013710	         -0.62533306	         -0.33087207	          0.70674057	         -0.34017215	          0.72318696	          0.00444658	
          3.30000000	          0.75798353	         -0.00154538	          0.65227186	         -0.21897125	          0.94136181	          0.25668955	         -0.61442051	         -0.33739524	          0.71319836	         -0.34547879	          0.71057782	          0.00203881	
          3.31000000	          0.76611313	          0.00027991	          0.64270568	         -0.22132896	          0.93894860	          0.26341794	         -0.60339386	         -0.34405733	          0.71940281	         -0.35099982	          0.69802475	         -0.00036536	
          3.32000000	          0.77406125	          0.00213505	          0.63310711	         -0.22367683	          0.93642771	          0.27031799	         -0.59228190	         -0.35085408	          0.72532997	         -0.35673759	          0.68556068	         -0.00275824	
          3.33000000	          0.78181322	          0.00401275	          0.62349979	         -0.22601039	          0.93379638	          0.27738713	         -0.58110876	         -0.35778235	          0.73096128	         -0.36269487	          0.67321120	         -0.00513258	
          3.34000000	          0.78936002	          0.00590586	          0.61390218	         -0.22832422	          0.93105165	          0.28462409	         -0.56989369	         -0.36483961	          0.73628340	         -0.36887428	          0.66099448	         -0.00748170	
          3.35000000	          0.79669769	          0.00780752	          0.60432758	         -0.23061160	          0.92819053	          0.29202848	         -0.55865112	         -0.37202336	          0.74128776	         -0.37527786	          0.64892163	         -0.00979953	
          3.36000000	          0.80382661	          0.00971121	          0.59478440	         -0.23286427	          0.92521019	          0.29960030	         -0.54739110	         -0.37933072	          0.74596996	         -0.38190658	          0.63699742	         -0.01208064	
          3.37000000	          0.81075045	          0.01161089	          0.58527677	         -0.23507247	          0.92210814	          0.30733941	         -0.53611998	         -0.38675803	          0.75032899	         -0.38876007	          0.62522135	         -0.01432018	
          3.38000000	          0.81747520	          0.01350090	          0.57580555	         -0.23722507	          0.91888237	          0.31524509	         -0.52484147	         -0.39430055	          0.75436629	         -0.39583637	          0.61358908	         -0.01651386	
          3.39000000	          0.82400790	          0.01537600	          0.56636963	         -0.23930989	          0.91553149	          0.32331542	         -0.51355793	         -0.40195232	          0.75808481	         -0.40313183	          0.60209417	         -0.01865784	
          3.40000000	          0.83035558	          0.01723120	          0.55696742	         -0.24131421	          0.91205489	          0.33154687	         -0.50227191	         -0.40970595	          0.76148800	         -0.41064094	          0.59072995	         -0.02074861	
          3.41000000	          0.83652412	          0.01906169	          0.54759844	         -0.24322533	          0.90845278	          0.33993379	         -0.49098762	         -0.41755262	          0.76457895	         -0.41835639	          0.57949140	         -0.02278284	
          3.42000000	          0.84251756	          0.02086275	          0.53826472	         -0.24503134	          0.90472624	          0.34846819	         -0.47971221	         -0.42548229	          0.76735977	         -0.42626918	          0.56837675	         -0.02475733	
          3.43000000	          0.84833766	          0.02263004	          0.52897174	         -0.24672206	          0.90087711	          0.35713956	         -0.46845645	         -0.43348393	          0.76983130	         -0.43436869	          0.55738845	         -0.02666942	
          3.44000000	          0.85398362	          0.02435941	          0.51972935	         -0.24828936	          0.89690822	          0.36593447	         -0.45723558	         -0.44154531	          0.77199311	         -0.44264241	          0.54653413	         -0.02851671	
          3.45000000	          0.85945203	          0.02604648	          0.51055244	         -0.24972725	          0.89282356	          0.37483648	         -0.44607008	         -0.44965283	          0.77384354	         -0.45107596	          0.53582715	         -0.03029665	
          3.46000000	          0.86473761	          0.02768797	          0.50146011	         -0.25103385	          0.88862734	          0.38382739	         -0.43498376	         -0.45779344	          0.77538010	         -0.45965436	          0.52528558	         -0.03200799	
          3.47000000	          0.86983358	          0.02928101	          0.49247555	         -0.25221141	          0.88432340	          0.39288869	         -0.42400348	         -0.46595573	          0.77659919	         -0.46836380	          0.51493187	         -0.03365006	
          3.48000000	          0.87473239	          0.03082356	          0.48362502	         -0.25326624	          0.87991526	          0.40200167	         -0.41315791	         -0.47412977	          0.77749694	         -0.47719122	          0.50479157	         -0.03522313	
          3.49000000	          0.87942627	          0.03231393	          0.47493709	         -0.25420704	          0.87540717	          0.41114605	         -0.40247759	         -0.48230499	          0.77807049	         -0.48612230	          0.49489254	         -0.03672781	
          3.50000000	          0.88390839	          0.03375215	          0.46644051	         -0.25504549	          0.87080364	          0.42030087	         -0.39199203	         -0.49047102	          0.77831897	         -0.49514185	          0.48526243	         -0.03816658	
          3.51000000	          0.88817325	          0.03513957	          0.45816317	         -0.25579487	          0.86611017	          0.42944401	         -0.38172930	         -0.49861647	          0.77824441	         -0.50423274	          0.47592761	         -0.03954324	
          3.52000000	          0.89221651	          0.03647499	          0.45013251	         -0.25646776	          0.86133279	          0.43855458	         -0.37171762	         -0.50673011	          0.77784999	         -0.51337913	          0.46691373	         -0.04085856	
          3.53000000	          0.89603704	          0.03776131	          0.44237055	         -0.25708043	          0.85647529	          0.44761560	         -0.36197690	         -0.51480497	          0.77714128	         -0.52256830	          0.45824020	         -0.04211766	
          3.54000000	          0.89963665	          0.03900366	          0.43489379	         -0.25765012	          0.85154017	          0.45661335	         -0.35251994	         -0.52283654	          0.77612605	         -0.53178974	          0.44992032	         -0.04332777	
          3.55000000	          0.90301940	          0.04020566	          0.42771423	         -0.25819126	          0.84653024	          0.46553607	         -0.34335584	         -0.53082018	          0.77481398	         -0.54103392	          0.44196252	         -0.04449420	
          3.56000000	          0.90619195	          0.04137082	          0.42083797	         -0.25871529	          0.84144899	          0.47437326	         -0.33448847	         -0.53875045	          0.77321757	         -0.55029091	          0.43436887	         -0.04562181	
          3.57000000	          0.90916356	          0.04250289	          0.41426456	         -0.25923065	          0.83630036	          0.48311611	         -0.32591577	         -0.54662163	          0.77135187	         -0.55955076	          0.42713462	         -0.04671543	
          3.58000000	          0.91194551	          0.04360498	          0.40798774	         -0.25974289	          0.83108743	          0.49175941	         -0.31763033	         -0.55442970	          0.76923253	         -0.56880634	          0.42024894	         -0.04777895	
          3.59000000	          0.91455138	          0.04468103	          0.40199426	         -0.26025448	          0.82581295	          0.50030049	         -0.30961812	         -0.56217131	          0.76687681	         -0.57805145	          0.41369379	         -0.04881686	
          3.60000000	          0.91699661	          0.04573538	          0.39626442	         -0.26076412	          0.82048007	          0.50873818	         -0.30185973	         -0.56984273	          0.76430358	         -0.58727984	          0.40744461	         -0.04983390	
          3.61000000	          0.91929636	          0.04677040	          0.39077708	         -0.26126769	          0.81509186	          0.51707297	         -0.29433551	         -0.57744072	          0.76153058	         -0.59648687	          0.40147564	         -0.05083247	
          3.62000000	          0.92146697	          0.04778875	          0.38550597	         -0.26175778	          0.80965155	          0.52530681	         -0.28702175	         -0.58496206	          0.75857624	         -0.60566820	          0.39575611	         -0.05181518	
          3.63000000	          0.92352407	          0.04879278	          0.38042419	         -0.26222566	          0.80416223	          0.53344241	         -0.27989463	         -0.59240389	          0.75545790	         -0.61482021	          0.39025493	         -0.05278418	
          3.64000000	          0.92548222	          0.04978482	          0.37550516	         -0.26266217	          0.79862676	          0.54148304	         -0.27293084	         -0.59976393	          0.75219146	         -0.62394004	          0.38494177	         -0.05374158	
          3.65000000	          0.92735459	          0.05076721	          0.37072382	         -0.26305843	          0.79304756	          0.54943228	         -0.26610847	         -0.60704057	          0.74879104	         -0.63302569	          0.37978825	         -0.05468953	
          3.66000000	          0.92915258	          0.05174253	          0.36605764	         -0.26340678	          0.78742650	          0.55729380	         -0.25940770	         -0.61423304	          0.74526869	         -0.64207602	          0.37476908	         -0.05563041	
          3.67000000	          0.93088574	          0.05271358	          0.36148724	         -0.26370121	          0.78176471	          0.56507134	         -0.25281103	         -0.62134147	          0.74163425	         -0.65109094	          0.36986250	         -0.05656692	
          3.68000000	          0.93256191	          0.05368346	          0.35699632	         -0.26393750	          0.77606244	          0.57276879	         -0.24630323	         -0.62836707	          0.73789535	         -0.66007153	          0.36505034	         -0.05750211	
          3.69000000	          0.93418743	          0.05465547	          0.35257144	         -0.26411317	          0.77031895	          0.58039034	         -0.23987096	         -0.63531212	          0.73405751	         -0.66902017	          0.36031758	         -0.05843928	
          3.70000000	          0.93576748	          0.05563306	          0.34820136	         -0.26422699	          0.76453243	          0.58794070	         -0.23350229	         -0.64217998	          0.73012434	         -0.67794068	          0.35565170	         -0.05938190	
          3.71000000	          0.93730643	          0.05661962	          0.34387624	         -0.26427847	          0.75869994	          0.59542530	         -0.22718613	         -0.64897505	          0.72609768	         -0.68683840	          0.35104178	         -0.06033342	
          3.72000000	          0.93880826	          0.05761836	          0.33958676	         -0.26426713	          0.75281746	          0.60285053	         -0.22091159	         -0.65570268	          0.72197789	         -0.69572025	          0.34647752	         -0.06129705	
          3.73000000	          0.94027689	          0.05863210	          0.33532320	         -0.26419170	          0.74687992	          0.61022384	         -0.21466746	         -0.66236898	          0.71776404	         -0.70459468	          0.34194827	         -0.06227557	
          3.74000000	          0.94171648	          0.05966309	          0.33107458	         -0.26404937	          0.74088137	          0.61755382	         -0.20844182	         -0.66898065	          0.71345420	         -0.71347152	          0.33744215	         -0.06327112	
          3.75000000	          0.94313170	          0.06071288	          0.32682800	         -0.26383512	          0.73481515	          0.62485016	         -0.20222171	         -0.67554470	          0.70904565	         -0.72236180	          0.33294530	         -0.06428500	
          3.76000000	          0.94452777	          0.06178220	          0.32256823	         -0.26354126	          0.72867409	          0.63212347	         -0.19599313	         -0.68206820	          0.70453507	         -0.73127747	          0.32844150	         -0.06531763	
          3.77000000	          0.94591039	          0.06287099	          0.31827781	         -0.26315732	          0.72245075	          0.63938497	         -0.18974128	         -0.68855802	          0.69991864	         -0.74023103	          0.32391227	         -0.06636850	
          3.78000000	          0.94728554	          0.06397839	          0.31393770	         -0.26267044	          0.71613762	          0.64664607	         -0.18345122	         -0.69502062	          0.69519205	         -0.74923522	          0.31933758	         -0.06743624	
          3.79000000	          0.94865894	          0.06510288	          0.30952841	         -0.26206618	          0.70972733	          0.65391776	         -0.17710884	         -0.70146185	          0.69035044	         -0.75830256	          0.31469705	         -0.06851879	
          3.80000000	          0.95003558	          0.06624251	          0.30503170	         -0.26132975	          0.70321281	          0.66120988	         -0.17070199	         -0.70788677	          0.68538833	         -0.76744489	          0.30997171	         -0.06961368	
          3.81000000	          0.95141910	          0.06739516	          0.30043233	         -0.26044757	          0.69658745	          0.66853047	         -0.16422167	         -0.71429952	          0.68029952	         -0.77667301	          0.30514589	         -0.07071834	
          3.82000000	          0.95281133	          0.06855878	          0.29571992	         -0.25940880	          0.68984519	          0.67588512	         -0.15766310	         -0.72070335	          0.67507706	         -0.78599630	          0.30020905	         -0.07183041	
          3.83000000	          0.95421187	          0.06973160	          0.29089038	         -0.25820672	          0.68298051	          0.68327660	         -0.15102648	         -0.72710049	          0.66971328	         -0.79542253	          0.29515733	         -0.07294802	
          3.84000000	          0.95561801	          0.07091225	          0.28594697	         -0.25683981	          0.67598854	          0.69070457	         -0.14431746	         -0.73349230	          0.66419991	         -0.80495768	          0.28999452	         -0.07406989	
          3.85000000	          0.95702474	          0.07209977	          0.28090081	         -0.25531242	          0.66886499	          0.69816559	         -0.13754714	         -0.73987921	          0.65852831	         -0.81460594	          0.28473259	         -0.07519537	
          3.86000000	          0.95842503	          0.07329359	          0.27577074	         -0.25363488	          0.66160624	          0.70565327	         -0.13073178	         -0.74626084	          0.65268979	         -0.82436966	          0.27939145	         -0.07632440	
          3.87000000	          0.95981027	          0.07449344	          0.27058265	         -0.25182335	          0.65420936	          0.71315855	         -0.12389207	         -0.75263593	          0.64667605	         -0.83424940	          0.27399820	         -0.07745739	
          3.88000000	          0.96117078	          0.07569923	          0.26536836	         -0.24989904	          0.64667220	          0.72067020	         -0.11705216	         -0.75900243	          0.64047959	         -0.84424402	          0.26858596	         -0.07859508	
          3.89000000	          0.96249638	          0.07691094	          0.26016424	         -0.24788743	          0.63899344	          0.72817525	         -0.11023860	         -0.76535749	          0.63409413	         -0.85435073	          0.26319229	         -0.07973835	
          3.90000000	          0.96377695	          0.07812882	          0.25500958	         -0.24581723	          0.63117283	          0.73565940	         -0.10347892	         -0.77169732	          0.62751523	         -0.86456494	          0.25785761	         -0.08088837	
          3.91000000	          0.96500285	          0.07935339	          0.24994509	         -0.24371945	          0.62321128	          0.74310735	         -0.09680051	         -0.77801719	          0.62074062	         -0.87488024	          0.25262354	         -0.08204665	
          3.92000000	          0.96616528	          0.08058554	          0.24501149	         -0.24162633	          0.61511101	          0.75050327	         -0.09022955	         -0.78431143	          0.61377049	         -0.88528845	          0.24753154	         -0.08321500	
          3.93000000	          0.96725653	          0.08182650	          0.24024826	         -0.23957047	          0.60687564	          0.75783108	         -0.08379015	         -0.79057345	          0.60660764	         -0.89577965	          0.24262159	         -0.08439554	
          3.94000000	          0.96827015	          0.08307789	          0.23569255	         -0.23758389	          0.59851024	          0.76507476	         -0.07750361	         -0.79679581	          0.59925756	         -0.90634224	          0.23793114	         -0.08559070	
          3.95000000	          0.96920099	          0.08434166	          0.23137832	         -0.23569727	          0.59002137	          0.77221861	         -0.07138795	         -0.80297028	          0.59172839	         -0.91696312	          0.23349421	         -0.08680318	
          3.96000000	          0.97004521	          0.08562004	          0.22733567	         -0.23393930	          0.58141705	          0.77924747	         -0.06545763	         -0.80908802	          0.58403071	         -0.92762784	          0.22934083	         -0.08803583	
          3.97000000	          0.97080020	          0.08691536	          0.22359047	         -0.23233614	          0.57270664	          0.78614695	         -0.05972350	         -0.81513976	          0.57617730	         -0.93832090	          0.22549665	         -0.08929154	
          3.98000000	          0.97146446	          0.08822993	          0.22016420	         -0.23091107	          0.56390069	          0.79290358	         -0.05419292	         -0.82111600	          0.56818275	         -0.94902605	          0.22198280	         -0.09057309	
          3.99000000	          0.97203749	          0.08956582	          0.21707391	         -0.22968421	          0.55501078	          0.79950497	         -0.04887004	         -0.82700726	          0.56006314	         -0.95972656	          0.21881590	         -0.09188290	
          4.00000000	          0.97251960	          0.09092471	          0.21433227	         -0.22867232	          0.54604922	          0.80593996	         -0.04375611	         -0.83280427	          0.55183553	         -0.97040566	          0.21600816	         -0.09322297	
          4.01000000	          0.97291185	          0.09230775	          0.21194766	         -0.22788862	          0.53702888	          0.81219872	         -0.03884978	         -0.83849822	          0.54351764	         -0.98104681	          0.21356747	         -0.09459465	
          4.02000000	          0.97321593	          0.09371540	          0.20992423	         -0.22734272	          0.52796286	          0.81827288	         -0.03414743	         -0.84408095	          0.53512737	         -0.99163406	          0.21149746	         -0.09599857	
          4.03000000	          0.97343408	          0.09514740	          0.20826199	         -0.22704041	          0.51886427	          0.82415564	         -0.02964344	         -0.84954508	          0.52668247	         -1.00215237	          0.20979765	         -0.09743455	
          4.04000000	          0.97356911	          0.09660272	          0.20695677	         -0.22698362	          0.50974600	          0.82984182	         -0.02533041	         -0.85488416	          0.51820020	         -1.01258787	          0.20846336	         -0.09890160	
          4.05000000	          0.97362431	          0.09807962	          0.20600022	         -0.22717019	          0.50062049	          0.83532798	         -0.02119928	         -0.86009274	          0.50969704	         -1.02292809	          0.20748574	         -0.10039792	
          4.06000000	          0.97360355	          0.09957570	          0.20537966	         -0.22759377	          0.49149957	          0.84061242	         -0.01723944	         -0.86516637	          0.50118854	         -1.03316210	          0.20685162	         -0.10192102	
          4.07000000	          0.97351130	          0.10108808	          0.20507792	         -0.22824363	          0.48239437	          0.84569528	         -0.01343872	         -0.87010164	          0.49268908	         -1.04328067	          0.20654332	         -0.10346782	
          4.08000000	          0.97335268	          0.10261352	          0.20507322	         -0.22910444	          0.47331521	          0.85057855	         -0.00978341	         -0.87489610	          0.48421184	         -1.05327630	          0.20653852	         -0.10503479	
          4.09000000	          0.97313358	          0.10414863	          0.20533898	         -0.23015618	          0.46427154	          0.85526608	         -0.00625825	         -0.87954818	          0.47576868	         -1.06314328	          0.20681006	         -0.10661814	
          4.10000000	          0.97286070	          0.10569002	          0.20584380	         -0.23137404	          0.45527193	          0.85976364	         -0.00284647	         -0.88405718	          0.46737009	         -1.07287770	          0.20732589	         -0.10821400	
          4.11000000	          0.97254165	          0.10723449	          0.20655148	         -0.23272844	          0.44632401	          0.86407890	          0.00047018	         -0.88842312	          0.45902520	         -1.08247746	          0.20804911	         -0.10981849	
          4.12000000	          0.97218492	          0.10877917	          0.20742126	         -0.23418521	          0.43743446	          0.86822139	          0.00371120	         -0.89264673	          0.45074165	         -1.09194225	          0.20893814	         -0.11142797	
          4.13000000	          0.97179996	          0.11032170	          0.20840818	         -0.23570591	          0.42860894	          0.87220244	          0.00689724	         -0.89672934	          0.44252562	         -1.10127352	          0.20994712	         -0.11303911	
          4.14000000	          0.97139705	          0.11186031	          0.20946371	         -0.23724834	          0.41985206	          0.87603509	          0.01004978	         -0.90067282	          0.43438172	         -1.11047448	          0.21102647	         -0.11464907	
          4.15000000	          0.97098720	          0.11339400	          0.21053658	         -0.23876736	          0.41116733	          0.87973381	          0.01319077	         -0.90447954	          0.42631300	         -1.11954997	          0.21212381	         -0.11625558	
          4.16000000	          0.97058191	          0.11492257	          0.21157399	         -0.24021591	          0.40255707	          0.88331428	          0.01634214	         -0.90815231	          0.41832084	         -1.12850643	          0.21318512	         -0.11785710	
          4.17000000	          0.97019279	          0.11644661	          0.21252328	         -0.24154653	          0.39402223	          0.88679296	          0.01952513	         -0.91169439	          0.41040480	         -1.13735182	          0.21415651	         -0.11945277	
          4.18000000	          0.96983104	          0.11796744	          0.21333408	         -0.24271332	          0.38556222	          0.89018651	          0.02275947	         -0.91510953	          0.40256248	         -1.14609560	          0.21498634	         -0.12104248	
          4.19000000	          0.96950687	          0.11948710	          0.21396089	         -0.24367434	          0.37717488	          0.89351101	          0.02606237	         -0.91840184	          0.39478958	         -1.15474831	          0.21562797	         -0.12262686	
          4.20000000	          0.96922865	          0.12100814	          0.21436617	         -0.24439450	          0.36885638	          0.89678108	          0.02944748	         -0.92157582	          0.38707990	         -1.16332129	          0.21604287	         -0.12420724	
          4.21000000	          0.96900221	          0.12253347	          0.21452336	         -0.24484841	          0.36060115	          0.90000893	          0.03292385	         -0.92463634	          0.37942543	         -1.17182632	          0.21620380	         -0.12578562	
          4.22000000	          0.96883017	          0.12406613	          0.21441943	         -0.24502286	          0.35240183	          0.90320360	          0.03649518	         -0.92758856	          0.37181657	         -1.18027524	          0.21609740	         -0.12736448	
          4.23000000	          0.96871165	          0.12560913	          0.21405625	         -0.24491822	          0.34424949	          0.90637043	          0.04015965	         -0.93043787	          0.36424246	         -1.18867951	          0.21572558	         -0.12894671	
          4.24000000	          0.96864230	          0.12716520	          0.21345047	         -0.24454854	          0.33613394	          0.90951085	          0.04391018	         -0.93318968	          0.35669162	         -1.19704979	          0.21510547	         -0.13053539	
