name C:\Users\u0101727\Documents\MyRepositories\upper-imu-dc\Results\main_tracking\Case_43\FLX01_orientations_groundFrame.mot
datacolumns 13
datarows 600
range 0.510000 6.500000
endheader 
time	radius_imu_[0][0]	radius_imu_[0][1]	radius_imu_[0][2]	radius_imu_[1][0]	radius_imu_[1][1]	radius_imu_[1][2]	radius_imu_[2][0]	radius_imu_[2][1]	radius_imu_[2][2]	radius_imu_x	radius_imu_y	radius_imu_z	
          0.51000000	          0.68918792	         -0.01357275	          0.72445552	         -0.12903390	          0.98154434	          0.14114167	         -0.71300089	         -0.19075245	          0.67471715	         -0.20621286	          0.81024418	          0.01969129	
          0.52000000	          0.68730613	         -0.01835087	          0.72613603	         -0.12879832	          0.98076047	          0.14669659	         -0.71485752	         -0.19435057	          0.67171912	         -0.21501391	          0.81268524	          0.02669336	
          0.53000000	          0.68541838	         -0.02320135	          0.72777973	         -0.12851136	          0.97994806	          0.15227157	         -0.71671924	         -0.19789770	          0.66869277	         -0.22389739	          0.81507893	          0.03383699	
          0.54000000	          0.68352507	         -0.02812608	          0.72938495	         -0.12817567	          0.97910537	          0.15787230	         -0.71858505	         -0.20139908	          0.66563799	         -0.23287158	          0.81742246	          0.04112537	
          0.55000000	          0.68162804	         -0.03312768	          0.73094854	         -0.12779512	          0.97822996	          0.16350704	         -0.72045237	         -0.20486264	          0.66255542	         -0.24194808	          0.81971086	          0.04856261	
          0.56000000	          0.67972807	         -0.03821071	          0.73246822	         -0.12737411	          0.97731865	          0.16918659	         -0.72231959	         -0.20829836	          0.65944386	         -0.25114272	          0.82194038	          0.05615560	
          0.57000000	          0.67782555	         -0.04338136	          0.73394181	         -0.12691742	          0.97636754	          0.17492398	         -0.72418540	         -0.21171794	          0.65630101	         -0.26047489	          0.82410740	          0.06391361	
          0.58000000	          0.67592121	         -0.04864727	          0.73536655	         -0.12643000	          0.97537203	          0.18073423	         -0.72604819	         -0.21513450	          0.65312416	         -0.26996702	          0.82620742	          0.07184793	
          0.59000000	          0.67401648	         -0.05401743	          0.73673869	         -0.12591671	          0.97432679	          0.18663410	         -0.72790574	         -0.21856217	          0.64991062	         -0.27964395	          0.82823445	          0.07997167	
          0.60000000	          0.67211406	         -0.05950193	          0.73805299	         -0.12538196	          0.97322584	          0.19264172	         -0.72975479	         -0.22201574	          0.64665830	         -0.28953222	          0.83018023	          0.08829932	
          0.61000000	          0.67021836	         -0.06511180	          0.73930224	         -0.12482951	          0.97206254	          0.19877631	         -0.73159070	         -0.22551027	          0.64336628	         -0.29965921	          0.83203356	          0.09684621	
          0.62000000	          0.66833582	         -0.07085867	          0.74047706	         -0.12426221	          0.97082965	          0.20505779	         -0.73340721	         -0.22906079	          0.64003517	         -0.31005232	          0.83377991	          0.10562796	
          0.63000000	          0.66647490	         -0.07675464	          0.74156586	         -0.12368185	          0.96951938	          0.21150645	         -0.73519657	         -0.23268198	          0.63666718	         -0.32073815	          0.83540140	          0.11465995	
          0.64000000	          0.66464562	         -0.08281206	          0.74255529	         -0.12308906	          0.96812340	          0.21814254	         -0.73694998	         -0.23638792	          0.63326572	         -0.33174196	          0.83687742	          0.12395700	
          0.65000000	          0.66285865	         -0.08904354	          0.74343101	         -0.12248328	          0.96663291	          0.22498593	         -0.73865842	         -0.24019174	          0.62983464	         -0.34308729	          0.83818584	          0.13353324	
          0.66000000	          0.66112418	         -0.09546197	          0.74417863	         -0.12186275	          0.96503866	          0.23205572	         -0.74031364	         -0.24410531	          0.62637713	         -0.35479576	          0.83930436	          0.14340227	
          0.67000000	          0.65945099	         -0.10208048	          0.74478451	         -0.12122456	          0.96333104	          0.23936984	         -0.74190902	         -0.24813886	          0.62289495	         -0.36688691	          0.84021186	          0.15357723	
          0.68000000	          0.65784569	         -0.10891233	          0.74523630	         -0.12056465	          0.96150012	          0.24694470	         -0.74344012	         -0.25230066	          0.61938774	         -0.37937796	          0.84088915	          0.16407084	
          0.69000000	          0.65631232	         -0.11597083	          0.74552325	         -0.11987788	          0.95953576	          0.25479485	         -0.74490499	         -0.25659674	          0.61585280	         -0.39228359	          0.84131959	          0.17489533	
          0.70000000	          0.65485202	         -0.12326907	          0.74563635	         -0.11915819	          0.95742765	          0.26293273	         -0.74630433	         -0.26103071	          0.61228491	         -0.40561583	          0.84148931	          0.18606232	
          0.71000000	          0.65346286	         -0.13081981	          0.74556856	         -0.11839877	          0.95516539	          0.27136841	         -0.74764164	         -0.26560357	          0.60867620	         -0.41938389	          0.84138757	          0.19758278	
          0.72000000	          0.65213959	         -0.13863530	          0.74531483	         -0.11759223	          0.95273855	          0.28010948	         -0.74892324	         -0.27031372	          0.60501610	         -0.43359432	          0.84100694	          0.20946702	
          0.73000000	          0.65087374	         -0.14672713	          0.74487215	         -0.11673089	          0.95013676	          0.28916092	         -0.75015816	         -0.27515684	          0.60129148	         -0.44825098	          0.84034320	          0.22172465	
          0.74000000	          0.64965393	         -0.15510599	          0.74423915	         -0.11580689	          0.94734976	          0.29852504	         -0.75135780	         -0.28012599	          0.59748715	         -0.46335497	          0.83939497	          0.23436435	
          0.75000000	          0.64846652	         -0.16378144	          0.74341564	         -0.11481236	          0.94436748	          0.30820153	         -0.75253524	         -0.28521167	          0.59358657	         -0.47890447	          0.83816285	          0.24739348	
          0.76000000	          0.64729654	         -0.17276164	          0.74240191	         -0.11373949	          0.94118014	          0.31818749	         -0.75370453	         -0.29040207	          0.58957283	         -0.49489444	          0.83664846	          0.26081762	
          0.77000000	          0.64612880	         -0.18205303	          0.74119786	         -0.11258055	          0.93777826	          0.32847763	         -0.75487959	         -0.29568332	          0.58542991	         -0.51131610	          0.83485303	          0.27463969	
          0.78000000	          0.64494916	         -0.19166003	          0.73980201	         -0.11132787	          0.93415277	          0.33906445	         -0.75607321	         -0.30103991	          0.58114394	         -0.52815638	          0.83277605	          0.28885914	
          0.79000000	          0.64374558	         -0.20158480	          0.73821081	         -0.10997371	          0.93029501	          0.34993855	         -0.75729612	         -0.30645517	          0.57670427	         -0.54539740	          0.83041415	          0.30347109	
          0.80000000	          0.64250918	         -0.21182706	          0.73641785	         -0.10851018	          0.92619671	          0.36108890	         -0.75855619	         -0.31191177	          0.57210450	         -0.56301600	          0.82776008	          0.31846546	
          0.81000000	          0.64123439	         -0.22238425	          0.73441385	         -0.10692911	          0.92185003	          0.37250326	         -0.75985829	         -0.31739212	          0.56734259	         -0.58098385	          0.82480264	          0.33382700	
          0.82000000	          0.63991909	         -0.23325164	          0.73218661	         -0.10522188	          0.91724750	          0.38416842	         -0.76120426	         -0.32287876	          0.56242101	         -0.59926750	          0.82152683	          0.34953513	
          0.83000000	          0.63856408	         -0.24442272	          0.72972148	         -0.10337924	          0.91238198	          0.39607051	         -0.76259337	         -0.32835445	          0.55734613	         -0.61782895	          0.81791452	          0.36556465	
          0.84000000	          0.63717261	         -0.25588953	          0.72700180	         -0.10139112	          0.90724671	          0.40819510	         -0.76402284	         -0.33380227	          0.55212783	         -0.63662606	          0.81394529	          0.38188629	
          0.85000000	          0.63574990	         -0.26764282	          0.72400924	         -0.09924639	          0.90183533	          0.42052727	         -0.76548822	         -0.33920547	          0.54677914	         -0.65561281	          0.80959699	          0.39846720	
          0.86000000	          0.63430286	         -0.27967220	          0.72072418	         -0.09693265	          0.89614200	          0.43305147	         -0.76698367	         -0.34454748	          0.54131607	         -0.67473938	          0.80484641	          0.41527131	
          0.87000000	          0.63283993	         -0.29196602	          0.71712584	         -0.09443609	          0.89016151	          0.44575140	         -0.76850208	         -0.34981184	          0.53575762	         -0.69395204	          0.79966957	          0.43225933	
          0.88000000	          0.63137109	         -0.30451115	          0.71319247	         -0.09174147	          0.88388942	          0.45860985	         -0.77003509	         -0.35498233	          0.53012593	         -0.71319308	          0.79404210	          0.44938872	
          0.89000000	          0.62990776	         -0.31729277	          0.70890162	         -0.08883228	          0.87732214	          0.47160862	         -0.77157309	         -0.36004328	          0.52444618	         -0.73240099	          0.78793968	          0.46661365	
          0.90000000	          0.62846246	         -0.33029425	          0.70423053	         -0.08569112	          0.87045698	          0.48472846	         -0.77310541	         -0.36497994	          0.51874625	         -0.75151114	          0.78133876	          0.48388530	
          0.91000000	          0.62704840	         -0.34349702	          0.69915671	         -0.08230024	          0.86329212	          0.49794917	         -0.77462054	         -0.36977900	          0.51305605	         -0.77045684	          0.77421734	          0.50115247	
          0.92000000	          0.62567883	         -0.35688065	          0.69365857	         -0.07864236	          0.85582653	          0.51124978	         -0.77610655	         -0.37442911	          0.50740660	         -0.78917093	          0.76655591	          0.51836248	
          0.93000000	          0.62436625	         -0.37042293	          0.68771625	         -0.07470160	          0.84805977	          0.52460871	         -0.77755158	         -0.37892148	          0.50182871	         -0.80758779	          0.75833860	          0.53546239	
          0.94000000	          0.62312108	         -0.38410035	          0.68131273	         -0.07046458	          0.83999180	          0.53800420	         -0.77894471	         -0.38325017	          0.49635113	         -0.82564601	          0.74955451	          0.55240103	
          0.95000000	          0.62194954	         -0.39788900	          0.67443541	         -0.06592177	          0.83162267	          0.55141460	         -0.78027758	         -0.38741203	          0.49099779	         -0.84329204	          0.74019975	          0.56913215	
          0.96000000	          0.62085069	         -0.41176591	          0.66707815	         -0.06106884	          0.82295219	          0.56481881	         -0.78154655	         -0.39140584	          0.48578437	         -0.86048442	          0.73027985	          0.58561860	
          0.97000000	          0.61981330	         -0.42571058	          0.65924349	         -0.05590801	          0.81397975	          0.57819656	         -0.78275524	         -0.39523091	          0.48071484	         -0.87719785	          0.71981222	          0.60183685	
          0.98000000	          0.61881324	         -0.43970628	          0.65094436	         -0.05044921	          0.80470424	          0.59152850	         -0.78391649	         -0.39888530	          0.47577880	         -0.89342618	          0.70882779	          0.61778063	
          0.99000000	          0.61781257	         -0.45374059	          0.64220488	         -0.04471089	          0.79512420	          0.60479620	         -0.78505322	         -0.40236424	          0.47095058	         -0.90918314	          0.69737124	          0.63346214	
          1.00000000	          0.61676105	         -0.46780477	          0.63305964	         -0.03872036	          0.78523824	          0.61798191	         -0.78619752	         -0.40565947	          0.46619079	         -0.92450038	          0.68549936	          0.64891022	
          1.01000000	          0.61559962	         -0.48189228	          0.62355187	         -0.03251370	          0.77504552	          0.63106838	         -0.78738807	         -0.40875943	          0.46144962	         -0.93942336	          0.67327782	          0.66416570	
          1.02000000	          0.61426524	         -0.49599681	          0.61373071	         -0.02613508	          0.76454627	          0.64403879	         -0.78866671	         -0.41165054	          0.45667128	         -0.95400623	          0.66077728	          0.67927537	
          1.03000000	          0.61269548	         -0.51011054	          0.60364848	         -0.01963583	          0.75374224	          0.65687675	         -0.79007511	         -0.41431856	          0.45179802	         -0.96830716	          0.64806955	          0.69428633	
          1.04000000	          0.61083220	         -0.52422311	          0.59335837	         -0.01307322	          0.74263692	          0.66956665	         -0.79165214	         -0.41674998	          0.44677325	         -0.98238492	          0.63522467	          0.70924189	
          1.05000000	          0.60862381	         -0.53832131	          0.58291271	         -0.00650908	          0.73123554	          0.68209399	         -0.79343222	         -0.41893287	          0.44154338	         -0.99629678	          0.62230882	          0.72417932	
          1.06000000	          0.60602671	         -0.55238925	          0.57236155	         -0.00000837	          0.71954508	          0.69444573	         -0.79544430	         -0.42085746	          0.43605891	         -1.01009736	          0.60938291	          0.73912879	
          1.07000000	          0.60300594	         -0.56640881	          0.56175163	          0.00636234	          0.70757404	          0.70661057	         -0.79771132	         -0.42251632	          0.43027504	         -1.02383789	          0.59650155	          0.75411312	
          1.08000000	          0.59953549	         -0.58036020	          0.55112544	          0.01253643	          0.69533232	          0.71857901	         -0.80024999	         -0.42390447	          0.42415205	         -1.03756566	          0.58371240	          0.76914791	
          1.09000000	          0.59559825	         -0.59422246	          0.54052048	          0.01844867	          0.68283104	          0.73034336	         -0.80307059	         -0.42501934	          0.41765558	         -1.05132357	          0.57105563	          0.78424187	
          1.10000000	          0.59118598	         -0.60797389	          0.52996875	          0.02403659	          0.67008236	          0.74189748	         -0.80617701	         -0.42586075	          0.41075692	         -1.06514958	          0.55856372	          0.79939697	
          1.11000000	          0.58629909	         -0.62159228	          0.51949630	          0.02924160	          0.65709941	          0.75323654	         -0.80956674	         -0.42643100	          0.40343314	         -1.07907632	          0.54626136	          0.81460870	
          1.12000000	          0.58094616	         -0.63505525	          0.50912316	          0.03400982	          0.64389607	          0.76435671	         -0.81323114	         -0.42673491	          0.39566706	         -1.09313088	          0.53416572	          0.82986638	
          1.13000000	          0.57514324	         -0.64834057	          0.49886347	          0.03829273	          0.63048676	          0.77525487	         -0.81715599	         -0.42677975	          0.38744693	         -1.10733500	          0.52228692	          0.84515391	
          1.14000000	          0.56891277	         -0.66142669	          0.48872589	          0.04204757	          0.61688615	          0.78592842	         -0.82132226	         -0.42657498	          0.37876579	         -1.12170552	          0.51062875	          0.86045074	
          1.15000000	          0.56228221	         -0.67429332	          0.47871415	          0.04523756	          0.60310887	          0.79637507	         -0.82570714	         -0.42613167	          0.36962077	         -1.13625504	          0.49918955	          0.87573334	
          1.16000000	          0.55528246	         -0.68692208	          0.46882773	          0.04783205	          0.58916918	          0.80659269	         -0.83028518	         -0.42546178	          0.36001220	         -1.15099268	          0.48796314	          0.89097670	
          1.17000000	          0.54794630	         -0.69929711	          0.45906253	          0.04980659	          0.57508065	          0.81657917	         -0.83502944	         -0.42457720	          0.34994291	         -1.16592481	          0.47693968	          0.90615600	
          1.18000000	          0.54030691	         -0.71140547	          0.44941149	          0.05114285	          0.56085601	          0.82633222	         -0.83991240	         -0.42348883	          0.33941768	         -1.18105541	          0.46610645	          0.92124783	
          1.19000000	          0.53239685	         -0.72323735	          0.43986512	          0.05182860	          0.54650702	          0.83584919	         -0.84490673	         -0.42220589	          0.32844300	         -1.19638635	          0.45544848	          0.93623115	
          1.20000000	          0.52424726	         -0.73478594	          0.43041194	          0.05185749	          0.53204454	          0.84512686	         -0.84998565	         -0.42073536	          0.31702705	         -1.21191728	          0.44494911	          0.95108760	
          1.21000000	          0.51588753	         -0.74604710	          0.42103892	          0.05122879	          0.51747863	          0.85416127	         -0.85512319	         -0.41908184	          0.30517986	         -1.22764544	          0.43459041	          0.96580153	
          1.22000000	          0.50734531	         -0.75701891	          0.41173184	          0.04994701	          0.50281884	          0.86294757	         -0.86029416	         -0.41724763	          0.29291361	         -1.24356540	          0.42435364	          0.98035955	
          1.23000000	          0.49864667	         -0.76770101	          0.40247566	          0.04802149	          0.48807442	          0.87147995	         -0.86547411	         -0.41523309	          0.28024283	         -1.25966880	          0.41421961	          0.99474990	
          1.24000000	          0.48981648	         -0.77809407	          0.39325493	          0.04546595	          0.47325464	          0.87975161	         -0.87063923	         -0.41303713	          0.26718470	         -1.27594420	          0.40416908	          1.00896183	
          1.25000000	          0.48087867	         -0.78819927	          0.38405419	          0.04229794	          0.45836905	          0.88775486	         -0.87576629	         -0.41065768	          0.25375910	         -1.29237706	          0.39418323	          1.02298501	
          1.26000000	          0.47185650	         -0.79801795	          0.37485837	          0.03853851	          0.44342773	          0.89548123	         -0.88083269	         -0.40809216	          0.23998868	         -1.30894984	          0.38424400	          1.03680913	
          1.27000000	          0.46277263	         -0.80755138	          0.36565320	          0.03421182	          0.42844145	          0.90292163	         -0.88581660	         -0.40533775	          0.22589877	         -1.32564217	          0.37433451	          1.05042381	
          1.28000000	          0.45364910	         -0.81680068	          0.35642550	          0.02934490	          0.41342184	          0.91006662	         -0.89069713	         -0.40239163	          0.21151738	         -1.34243106	          0.36443933	          1.06381857	
          1.29000000	          0.44450741	         -0.82576672	          0.34716348	          0.02396750	          0.39838154	          0.91690660	         -0.89545448	         -0.39925113	          0.19687511	         -1.35929101	          0.35454477	          1.07698284	
          1.30000000	          0.43536872	         -0.83444995	          0.33785702	          0.01811199	          0.38333442	          0.92343201	         -0.90007002	         -0.39591415	          0.18200536	         -1.37619400	          0.34463910	          1.08990572	
          1.31000000	          0.42625444	         -0.84285008	          0.32849795	          0.01181320	          0.36829582	          0.92963361	         -0.90452618	         -0.39237984	          0.16694448	         -1.39310932	          0.33471283	          1.10257536	
          1.32000000	          0.41718694	         -0.85096579	          0.31908037	          0.00510831	          0.35328287	          0.93550260	         -0.90880634	         -0.38864950	          0.15173200	         -1.41000351	          0.32475898	          1.11497819	
          1.33000000	          0.40819056	         -0.85879429	          0.30960109	         -0.00196335	          0.33831477	          0.94103096	         -0.91289463	         -0.38472781	          0.13641078	         -1.42684019	          0.31477348	          1.12709789	
          1.34000000	          0.39929365	         -0.86633053	          0.30005997	         -0.00936062	          0.32341304	          0.94621160	         -0.91677530	         -0.38062503	          0.12102739	         -1.44357977	          0.30475552	          1.13891320	
          1.35000000	          0.39053378	         -0.87356523	          0.29046025	         -0.01704071	          0.30860196	          0.95103861	         -0.92043087	         -0.37636236	          0.10563332	         -1.46017820	          0.29470779	          1.15039218	
          1.36000000	          0.38197873	         -0.88047673	          0.28080772	         -0.02495953	          0.29390882	          0.95550752	         -0.92383401	         -0.37199238	          0.09029063	         -1.47658114	          0.28463558	          1.16146898	
          1.37000000	          0.37385964	         -0.88697920	          0.27110305	         -0.03307238	          0.27936422	          0.95961547	         -0.92689545	         -0.36772752	          0.07510849	         -1.49268620	          0.27453882	          1.17189594	
          1.38000000	          0.35623542	         -0.89691065	          0.26200689	         -0.04133345	          0.26500180	          0.96336161	         -0.93348158	         -0.35401318	          0.05733062	         -1.51135543	          0.26510115	          1.19272291	
          1.39000000	          0.35212037	         -0.90139138	          0.25200166	         -0.04969972	          0.25085839	          0.96674713	         -0.93463425	         -0.35293576	          0.04353345	         -1.52579588	          0.25474811	          1.19838406	
          1.40000000	          0.34414638	         -0.90711706	          0.24228476	         -0.05812850	          0.23696772	          0.96977697	         -0.93711490	         -0.34782889	          0.02882223	         -1.54108460	          0.24472008	          1.20818704	
          1.41000000	          0.34212941	         -0.91042218	          0.23254874	         -0.06659244	          0.22336923	          0.97245649	         -0.93729020	         -0.34819195	          0.01579395	         -1.55455646	          0.23469745	          1.21133145	
          1.42000000	          0.33611535	         -0.91501460	          0.22310256	         -0.07503437	          0.21011535	          0.97479300	         -0.93882710	         -0.34438324	          0.00196545	         -1.56878005	          0.22499610	          1.21876402	
          1.43000000	          0.33019304	         -0.91936764	          0.21385908	         -0.08341851	          0.19725788	          0.97679613	         -0.94022014	         -0.34037109	         -0.01155910	         -1.58262946	          0.21552374	          1.22599136	
          1.44000000	          0.32491223	         -0.92328639	          0.20487628	         -0.09170925	          0.18485007	          0.97847834	         -0.94128713	         -0.33670863	         -0.02461385	         -1.59594626	          0.20633731	          1.23242239	
          1.45000000	          0.32038619	         -0.92674259	          0.19621634	         -0.09987702	          0.17293327	          0.97985645	         -0.94200704	         -0.33352998	         -0.03715485	         -1.60869684	          0.19749775	          1.23794650	
          1.46000000	          0.31665135	         -0.92973691	          0.18793933	         -0.10790695	          0.16154032	          0.98094894	         -0.94238422	         -0.33089877	         -0.04917311	         -1.62088251	          0.18906367	          1.24253652	
          1.47000000	          0.31064243	         -0.93334784	          0.17989745	         -0.11577174	          0.15070008	          0.98177716	         -0.94345015	         -0.32580869	         -0.06124147	         -1.63309379	          0.18088220	          1.24950244	
          1.48000000	          0.30914179	         -0.93524279	          0.17248851	         -0.12351423	          0.14035250	          0.98236725	         -0.94296108	         -0.32499555	         -0.07212697	         -1.64408641	          0.17335549	          1.25155548	
          1.49000000	          0.30801753	         -0.93687726	          0.16548779	         -0.13111016	          0.13048428	          0.98274309	         -0.94230320	         -0.32439923	         -0.08264268	         -1.65469282	          0.16625260	          1.25315800	
          1.50000000	          0.30731199	         -0.93825056	          0.15888748	         -0.13855559	          0.12107096	          0.98292633	         -0.94146784	         -0.32407979	         -0.09279330	         -1.66492250	          0.15956372	          1.25427130	
          1.51000000	          0.30688791	         -0.93942782	          0.15262757	         -0.14585862	          0.11204846	          0.98293967	         -0.94050256	         -0.32391435	         -0.10263733	         -1.67483804	          0.15322645	          1.25504988	
          1.52000000	          0.30644754	         -0.94053151	          0.14659598	         -0.15304580	          0.10331870	          0.98280325	         -0.93950353	         -0.32361354	         -0.11228264	         -1.68455044	          0.14712619	          1.25581952	
          1.53000000	          0.34235681	         -0.92825944	          0.14534862	         -0.16011916	          0.09479279	          0.98253559	         -0.92582594	         -0.35965085	         -0.11617917	         -1.68849405	          0.14586533	          1.21745836	
          1.54000000	          0.30014473	         -0.94442075	          0.13409917	         -0.16714205	          0.08633660	          0.98214537	         -0.93913613	         -0.31719937	         -0.13193894	         -1.70433435	          0.13450437	          1.26308278	
          1.55000000	          0.34569587	         -0.92859017	          0.13496168	         -0.17411735	          0.07785188	          0.98164262	         -0.92205071	         -0.36284897	         -0.13477059	         -1.70723425	          0.13537479	          1.21441214	
          1.56000000	          0.34703654	         -0.92885163	          0.12961594	         -0.18109292	          0.06923680	          0.98102580	         -0.92020161	         -0.36392433	         -0.14418075	         -1.71672103	          0.12998164	          1.21323702	
          1.57000000	          0.29580819	         -0.94827014	          0.11524433	         -0.18800903	          0.06048881	          0.98030287	         -0.93656293	         -0.31164860	         -0.16039027	         -1.73297238	          0.11550096	          1.26841710	
          1.58000000	          0.29351170	         -0.94977259	          0.10854912	         -0.19481494	          0.05173936	          0.97947444	         -0.93589424	         -0.30863420	         -0.16984378	         -1.74249200	          0.10876343	          1.27107252	
          1.59000000	          0.35239914	         -0.92895251	          0.11341111	         -0.20158622	          0.04299143	          0.97852682	         -0.91388065	         -0.36769412	         -0.17211388	         -1.74490620	          0.11365564	          1.20821648	
          1.60000000	          0.35164647	         -0.92996333	          0.10729850	         -0.20840368	          0.03397422	          0.97745264	         -0.91264049	         -0.36607917	         -0.18186086	         -1.75474889	          0.10750546	          1.20928491	
          1.61000000	          0.35083097	         -0.93100005	          0.10077965	         -0.21520339	          0.02458335	          0.97625978	         -0.91137541	         -0.36419029	         -0.19172976	         -1.76472041	          0.10095103	          1.21042015	
          1.62000000	          0.35008988	         -0.93199784	          0.09389939	         -0.22196328	          0.01484913	          0.97494195	         -0.91003812	         -0.36215952	         -0.20167077	         -1.77477363	          0.09403793	          1.21147013	
          1.63000000	          0.34951898	         -0.93290828	          0.08670999	         -0.22866057	          0.00481341	          0.97349431	         -0.90859828	         -0.36008189	         -0.21163696	         -1.78486462	          0.08681901	          1.21232795	
          1.64000000	          0.34917195	         -0.93370073	          0.07925843	         -0.23527799	         -0.00548377	          0.97191265	         -0.90704091	         -0.35801240	         -0.22159401	         -1.79496235	          0.07934165	          1.21293284	
          1.65000000	          0.34906321	         -0.93436114	          0.07158305	         -0.24180186	         -0.01600528	          0.97019364	         -0.90536553	         -0.35596782	         -0.23151712	         -1.80504533	          0.07164433	          1.21326688	
          1.66000000	          0.34917737	         -0.93488807	          0.06371392	         -0.24822128	         -0.02671639	          0.96833488	         -0.90358252	         -0.35393577	         -0.24138787	         -1.81509854	          0.06375711	          1.21334450	
          1.67000000	          0.34948285	         -0.93528719	          0.05567412	         -0.25452706	         -0.03758524	          0.96633500	         -0.90170822	         -0.35188808	         -0.25119129	         -1.82511029	          0.05570292	          1.21319774	
          1.68000000	          0.34994378	         -0.93556659	          0.04748166	         -0.26071083	         -0.04858298	          0.96419373	         -0.89976064	         -0.34979258	         -0.26091365	         -1.83507004	          0.04749952	          1.21286339	
          1.69000000	          0.35052742	         -0.93573377	          0.03915142	         -0.26676428	         -0.05968362	          0.96191199	         -0.89775684	         -0.34762073	         -0.27054109	         -1.84496700	          0.03916143	          1.21237493	
          1.70000000	          0.35120778	         -0.93579422	          0.03069645	         -0.27267862	         -0.07086372	          0.95949190	         -0.89571171	         -0.34535128	         -0.28005897	         -1.85478941	          0.03070127	          1.21175873	
          1.71000000	          0.35196649	         -0.93575099	          0.02212863	         -0.27844431	         -0.08210236	          0.95693676	         -0.89363771	         -0.34297127	         -0.28945182	         -1.86452448	          0.02213044	          1.21103303	
          1.72000000	          0.35279244	         -0.93560481	          0.01345885	         -0.28405103	         -0.09338124	          0.95425099	         -0.89154501	         -0.34047554	         -0.29870370	         -1.87415873	          0.01345925	          1.21020841	
          1.73000000	          0.35368054	         -0.93535448	          0.00469707	         -0.28948789	         -0.10468464	          0.95143990	         -0.88944187	         -0.33786553	         -0.30779871	         -1.88367845	          0.00469709	          1.20928910	
          1.74000000	          0.35463033	         -0.93499739	         -0.00414756	         -0.29474376	         -0.11599934	          0.94850950	         -0.88733502	         -0.33514777	         -0.31672154	         -1.89307028	         -0.00414758	          1.20827440	
          1.75000000	          0.35564462	         -0.93452992	         -0.01306662	         -0.29980779	         -0.12731436	          0.94546620	         -0.88523002	         -0.33233250	         -0.32545801	         -1.90232179	         -0.01306700	          1.20716015	
          1.76000000	          0.35672848	         -0.93394780	         -0.02205220	         -0.30466985	         -0.13862077	          0.94231659	         -0.88313140	         -0.32943252	         -0.33399571	         -1.91142208	         -0.02205399	          1.20593982	
          1.77000000	          0.35788839	         -0.93324643	         -0.03109671	         -0.30932120	         -0.14991149	          0.93906706	         -0.88104273	         -0.32646233	         -0.34232448	         -1.92036236	         -0.03110172	          1.20460535	
          1.78000000	          0.35913181	         -0.93242098	         -0.04019274	         -0.31375495	         -0.16118114	          0.93572350	         -0.87896654	         -0.32343741	         -0.35043697	         -1.92913656	         -0.04020357	          1.20314764	
          1.79000000	          0.36046681	         -0.93146656	         -0.04933286	         -0.31796657	         -0.17242592	          0.93229103	         -0.87690418	         -0.32037377	         -0.35832905	         -1.93774175	         -0.04935289	          1.20155687	
          1.80000000	          0.36190195	         -0.93037821	         -0.05850954	         -0.32195416	         -0.18364356	          0.92877369	         -0.87485570	         -0.31728761	         -0.36600010	         -1.94617858	         -0.05854298	          1.19982270	
          1.81000000	          0.36344623	         -0.92915096	         -0.06771504	         -0.32571859	         -0.19483315	          0.92517428	         -0.87281970	         -0.31419505	         -0.37345312	         -1.95445135	         -0.06776690	          1.19793422	
          1.82000000	          0.36510912	         -0.92777980	         -0.07694141	         -0.32926341	         -0.20599515	          0.92149422	         -0.87079328	         -0.31111195	         -0.38069465	         -1.96256808	         -0.07701753	          1.19588001	
          1.83000000	          0.36690055	         -0.92625963	         -0.08618050	         -0.33259454	         -0.21713120	          0.91773357	         -0.86877204	         -0.30805379	         -0.38773446	         -1.97054017	         -0.08628754	          1.19364803	
          1.84000000	          0.36883089	         -0.92458533	         -0.09542401	         -0.33571992	         -0.22824397	          0.91389104	         -0.86675020	         -0.30503550	         -0.39458514	         -1.97838206	         -0.09556942	          1.19122571	
          1.85000000	          0.37091070	         -0.92275176	         -0.10466350	         -0.33864902	         -0.23933693	          0.90996411	         -0.86472082	         -0.30207123	         -0.40126161	         -1.98611073	         -0.10485554	          1.18860013	
          1.86000000	          0.37315060	         -0.92075381	         -0.11389050	         -0.34139246	         -0.25041418	          0.90594919	         -0.86267597	         -0.29917412	         -0.40778061	         -1.99374523	         -0.11413817	          1.18575820	
          1.87000000	          0.37556101	         -0.91858652	         -0.12309647	         -0.34396164	         -0.26148012	          0.90184175	         -0.86060695	         -0.29635613	         -0.41416026	         -2.00130620	         -0.12340948	          1.18268688	
          1.88000000	          0.37815172	         -0.91624516	         -0.13227273	         -0.34636846	         -0.27253913	          0.89763651	         -0.85850461	         -0.29362769	         -0.42041957	         -2.00881541	         -0.13266151	          1.17937367	
          1.89000000	          0.38093185	         -0.91372534	         -0.14141051	         -0.34862506	         -0.28359540	          0.89332761	         -0.85635944	         -0.29099769	         -0.42657808	         -2.01629535	         -0.14188610	          1.17580663	
          1.90000000	          0.38390949	         -0.91102304	         -0.15050092	         -0.35074360	         -0.29465268	          0.88890873	         -0.85416183	         -0.28847327	         -0.43265546	         -2.02376888	         -0.15107495	          1.17197477	
          1.91000000	          0.38709151	         -0.90813480	         -0.15953477	         -0.35273597	         -0.30571388	          0.88437343	         -0.85190228	         -0.28605979	         -0.43867106	         -2.03125863	         -0.16021937	          1.16786828	
          1.92000000	          0.39048356	         -0.90505769	         -0.16850273	         -0.35461365	         -0.31678115	          0.87971522	         -0.84957151	         -0.28376096	         -0.44464364	         -2.03878681	         -0.16931048	          1.16347852	
          1.93000000	          0.39408991	         -0.90178938	         -0.17739522	         -0.35638738	         -0.32785559	          0.87492785	         -0.84716065	         -0.28157883	         -0.45059094	         -2.04637459	         -0.17833905	          1.15879823	
          1.94000000	          0.39791333	         -0.89832824	         -0.18620244	         -0.35806690	         -0.33893709	          0.87000560	         -0.84466152	         -0.27951390	         -0.45652919	         -2.05404170	         -0.18729556	          1.15382171	
