name C:\Users\u0101727\Documents\MyRepositories\upper-imu-dc\Results\main_tracking\Case_47\FLX03_orientations_groundFrame.mot
datacolumns 13
datarows 650
range 0.510000 7.000000
endheader 
time	radius_imu_[0][0]	radius_imu_[0][1]	radius_imu_[0][2]	radius_imu_[1][0]	radius_imu_[1][1]	radius_imu_[1][2]	radius_imu_[2][0]	radius_imu_[2][1]	radius_imu_[2][2]	radius_imu_x	radius_imu_y	radius_imu_z	
          0.51000000	          0.56138888	         -0.00243961	          0.82754853	         -0.23328648	          0.95897326	          0.16108294	         -0.79398989	         -0.28348605	          0.53778780	         -0.29102446	          0.97472677	          0.00434564	
          0.52000000	          0.56364602	         -0.00220633	          0.82601349	         -0.23323738	          0.95887878	          0.16171519	         -0.79240361	         -0.28380735	          0.53995361	         -0.29099646	          0.97199793	          0.00391438	
          0.53000000	          0.56587562	         -0.00199888	          0.82448820	         -0.23316411	          0.95878877	          0.16235331	         -0.79083455	         -0.28411283	          0.54208912	         -0.29099398	          0.96929717	          0.00353235	
          0.54000000	          0.56813244	         -0.00180913	          0.82293515	         -0.23304779	          0.95870773	          0.16299758	         -0.78924917	         -0.28438743	          0.54425135	         -0.29098840	          0.96655814	          0.00318433	
          0.55000000	          0.57046794	         -0.00162851	          0.82131826	         -0.23287658	          0.95863797	          0.16365127	         -0.78761338	         -0.28462359	          0.54649298	         -0.29095875	          0.96371802	          0.00285468	
          0.56000000	          0.57293139	         -0.00144926	          0.81960205	         -0.23264152	          0.95858068	          0.16431982	         -0.78589284	         -0.28481745	          0.54886380	         -0.29088952	          0.96071610	          0.00252955	
          0.57000000	          0.57556404	         -0.00126597	          0.81775573	         -0.23233595	          0.95853627	          0.16500978	         -0.78405742	         -0.28496775	          0.55140488	         -0.29077170	          0.95750090	          0.00219952	
          0.58000000	          0.57839560	         -0.00107564	          0.81575570	         -0.23195592	          0.95850445	          0.16572767	         -0.78208374	         -0.28507552	          0.55414526	         -0.29060245	          0.95403454	          0.00185970	
          0.59000000	          0.58144181	         -0.00087758	          0.81358752	         -0.23150065	          0.95848430	          0.16647909	         -0.77995697	         -0.28514394	          0.55709969	         -0.29038468	          0.95029578	          0.00150932	
          0.60000000	          0.58470288	         -0.00067341	          0.81124724	         -0.23097278	          0.95847426	          0.16726824	         -0.77767224	         -0.28517825	          0.56026712	         -0.29012679	          0.94628209	          0.00115171	
          0.61000000	          0.58816290	         -0.00046732	          0.80874234	         -0.23037816	          0.95847224	          0.16809779	         -0.77523564	         -0.28518546	          0.56363016	         -0.28984253	          0.94201068	          0.00079454	
          0.62000000	          0.59179080	         -0.00026623	          0.80609155	         -0.22972529	          0.95847575	          0.16896901	         -0.77266419	         -0.28517391	          0.56715597	         -0.28955053	          0.93751764	          0.00044988	
          0.63000000	          0.59554373	         -0.00007951	          0.80332289	         -0.22902430	          0.95848210	          0.16988212	         -0.76998411	         -0.28515270	          0.57079979	         -0.28927299	          0.93285399	          0.00013351	
          0.64000000	          0.59937312	          0.00008204	          0.80046977	         -0.22828607	          0.95848848	          0.17083706	         -0.76722704	         -0.28513124	          0.57451096	         -0.28903378	          0.92807858	         -0.00013687	
          0.65000000	          0.60323054	          0.00020681	          0.79756685	         -0.22752120	          0.95849204	          0.17183452	         -0.76442594	         -0.28511920	          0.57823872	         -0.28885736	          0.92325086	         -0.00034283	
          0.66000000	          0.60707085	          0.00028224	          0.79464766	         -0.22673941	          0.95848983	          0.17287707	         -0.76161291	         -0.28512657	          0.58193523	         -0.28876903	          0.91842697	         -0.00046493	
          0.67000000	          0.61085239	          0.00029413	          0.79174445	         -0.22594904	          0.95847877	          0.17396976	         -0.75881908	         -0.28516374	          0.58555551	         -0.28879603	          0.91365950	         -0.00048151	
          0.68000000	          0.61453539	          0.00022591	          0.78888922	         -0.22515696	          0.95845567	          0.17512015	         -0.75607579	         -0.28524143	          0.58905579	         -0.28896832	          0.90899939	         -0.00036761	
          0.69000000	          0.61808057	          0.00005857	          0.78611475	         -0.22436858	          0.95841731	          0.17633777	         -0.75341565	         -0.28537040	          0.59239226	         -0.28931838	          0.90449763	         -0.00009476	
          0.70000000	          0.62144842	         -0.00022882	          0.78345505	         -0.22358802	          0.95836048	          0.17763330	         -0.75087300	         -0.28556110	          0.59552044	         -0.28988033	          0.90020617	          0.00036820	
          0.71000000	          0.62459877	         -0.00065843	          0.78094555	         -0.22281842	          0.95828212	          0.17901769	         -0.74848402	         -0.28582328	          0.59839512	         -0.29068874	          0.89617823	          0.00105416	
          0.72000000	          0.62749073	         -0.00125284	          0.77862303	         -0.22206227	          0.95817933	          0.18050129	         -0.74628663	         -0.28616568	          0.60097044	         -0.29177759	          0.89246841	          0.00199658	
          0.73000000	          0.63008320	         -0.00203415	          0.77652497	         -0.22132168	          0.95804948	          0.18209316	         -0.74431974	         -0.28659564	          0.60320068	         -0.29317905	          0.88913175	          0.00322837	
          0.74000000	          0.63233605	         -0.00302307	          0.77468831	         -0.22059853	          0.95789020	          0.18380060	         -0.74262198	         -0.28711884	          0.60504162	         -0.29492266	          0.88622203	          0.00478077	
          0.75000000	          0.63421111	         -0.00423854	          0.77314831	         -0.21989452	          0.95769946	          0.18562906	         -0.74123051	         -0.28773909	          0.60645161	         -0.29703497	          0.88379026	          0.00668306	
          0.76000000	          0.63567307	         -0.00569756	          0.77193736	         -0.21921090	          0.95747558	          0.18758224	         -0.74017993	         -0.28845806	          0.60739248	         -0.29953973	          0.88188314	          0.00896279	
          0.77000000	          0.63669154	         -0.00741509	          0.77108294	         -0.21854788	          0.95721732	          0.18966239	         -0.73950031	         -0.28927498	          0.60783162	         -0.30245767	          0.88054018	          0.01164576	
          0.78000000	          0.63724527	         -0.00940324	          0.77060369	         -0.21790383	          0.95692398	          0.19187083	         -0.73921336	         -0.29018627	          0.60774628	         -0.30580548	          0.87978784	          0.01475500	
          0.79000000	          0.63732820	         -0.01166993	          0.77050411	         -0.21727446	          0.95659543	          0.19420862	         -0.73932711	         -0.29118549	          0.60712967	         -0.30959406	          0.87963161	          0.01830866	
          0.80000000	          0.63695470	         -0.01421776	          0.77077011	         -0.21665233	          0.95623203	          0.19667758	         -0.73983138	         -0.29226385	          0.60599618	         -0.31382710	          0.88004902	          0.02231775	
          0.81000000	          0.63616121	         -0.01704400	          0.77136789	         -0.21602693	          0.95583437	          0.19928129	         -0.74069649	         -0.29341126	          0.60438278	         -0.31850131	          0.88098781	          0.02678554	
          0.82000000	          0.63500350	         -0.02014191	          0.77224663	         -0.21538503	          0.95540295	          0.20202598	         -0.74187589	         -0.29461757	          0.60234595	         -0.32360813	          0.88236979	          0.03170873	
          0.83000000	          0.63355160	         -0.02350270	          0.77334339	         -0.21471137	          0.95493790	          0.20492106	         -0.74331111	         -0.29587368	          0.59995613	         -0.32913626	          0.88409791	          0.03707974	
          0.84000000	          0.63188433	         -0.02711734	          0.77458817	         -0.21398918	          0.95443872	          0.20797923	         -0.74493679	         -0.29717230	          0.59729206	         -0.33507354	          0.88606369	          0.04288873	
          0.85000000	          0.63008481	         -0.03097775	          0.77590818	         -0.21320067	          0.95390420	          0.21121611	         -0.74668508	         -0.29850821	          0.59443608	         -0.34140798	          0.88815345	          0.04912486	
          0.86000000	          0.62823686	         -0.03507723	          0.77723100	         -0.21232750	          0.95333239	          0.21464947	         -0.74848880	         -0.29987823	          0.59147068	         -0.34812760	          0.89025306	          0.05577649	
          0.87000000	          0.62642206	         -0.03941046	          0.77848713	         -0.21135126	          0.95272063	          0.21829808	         -0.75028397	         -0.30128097	          0.58847577	         -0.35521974	          0.89225187	          0.06283078	
          0.88000000	          0.62471672	         -0.04397330	          0.77961232	         -0.21025404	          0.95206567	          0.22218054	         -0.75201214	         -0.30271654	          0.58552578	         -0.36267048	          0.89404654	          0.07027328	
          0.89000000	          0.62318770	         -0.04876313	          0.78055061	         -0.20901911	          0.95136373	          0.22631410	         -0.75362332	         -0.30418616	          0.58268574	         -0.37046500	          0.89554618	          0.07808879	
          0.90000000	          0.62188760	         -0.05377940	          0.78125770	         -0.20763159	          0.95061052	          0.23071360	         -0.75507942	         -0.30569170	          0.58000659	         -0.37858900	          0.89667815	          0.08626307	
          0.91000000	          0.62085221	         -0.05902346	          0.78170248	         -0.20607914	          0.94980143	          0.23539039	         -0.75635569	         -0.30723522	          0.57752281	         -0.38702915	          0.89739103	          0.09478358	
          0.92000000	          0.62010246	         -0.06449697	          0.78186513	         -0.20435247	          0.94893155	          0.24035179	         -0.75743845	         -0.30881880	          0.57525468	         -0.39577178	          0.89765186	          0.10363753	
          0.93000000	          0.61964845	         -0.07020032	          0.78173379	         -0.20244558	          0.94799572	          0.24560112	         -0.75832156	         -0.31044490	          0.57321233	         -0.40480143	          0.89744122	          0.11280958	
          0.94000000	          0.61948887	         -0.07613359	          0.78130481	         -0.20035581	          0.94698835	          0.25113862	         -0.75900665	         -0.31211654	          0.57139494	         -0.41410337	          0.89675364	          0.12228424	
          0.95000000	          0.61960705	         -0.08229905	          0.78058566	         -0.19808366	          0.94590344	          0.25696216	         -0.75950640	         -0.31383683	          0.56978634	         -0.42366848	          0.89560226	          0.13205163	
          0.96000000	          0.61997175	         -0.08870118	          0.77959421	         -0.19563266	          0.94473458	          0.26306737	         -0.75984399	         -0.31560842	          0.56835590	         -0.43349402	          0.89401762	          0.14210853	
          0.97000000	          0.62054477	         -0.09534361	          0.77835325	         -0.19300938	          0.94347520	          0.26944744	         -0.76004708	         -0.31743367	          0.56706639	         -0.44357911	          0.89203860	          0.15245283	
          0.98000000	          0.62129005	         -0.10222562	          0.77688391	         -0.19022331	          0.94211864	          0.27609338	         -0.76014063	         -0.31931550	          0.56588324	         -0.45391934	          0.88970161	          0.16307651	
          0.99000000	          0.62217382	         -0.10934322	          0.77520565	         -0.18728659	          0.94065802	          0.28299509	         -0.76014700	         -0.32125776	          0.56477428	         -0.46450839	          0.88704057	          0.17396731	
          1.00000000	          0.62315563	         -0.11669425	          0.77334308	         -0.18421344	          0.93908616	          0.29014238	         -0.76009372	         -0.32326405	          0.56370017	         -0.47534661	          0.88409742	          0.18511939	
          1.01000000	          0.62417890	         -0.12428292	          0.77133291	         -0.18101951	          0.93739575	          0.29752502	         -0.76002147	         -0.32533515	          0.56260501	         -0.48644835	          0.88093285	          0.19654374	
          1.02000000	          0.62517553	         -0.13211678	          0.76922084	         -0.17772175	          0.93558006	          0.30513099	         -0.75998061	         -0.32746771	          0.56142174	         -0.49783674	          0.87762089	          0.20826328	
          1.03000000	          0.62608685	         -0.14019697	          0.76704633	         -0.17433792	          0.93363362	          0.31294496	         -0.76001418	         -0.32965598	          0.56009408	         -0.50952587	          0.87422473	          0.22029172	
          1.04000000	          0.62684863	         -0.14852660	          0.76485335	         -0.17088503	          0.93155230	          0.32094955	         -0.76017044	         -0.33188877	          0.55856131	         -0.52153392	          0.87081365	          0.23265128	
          1.05000000	          0.62737174	         -0.15711969	          0.76270447	         -0.16737821	          0.92933383	          0.32912486	         -0.76051906	         -0.33414374	          0.55673937	         -0.53389789	          0.86748451	          0.24539380	
          1.06000000	          0.62755405	         -0.16599293	          0.76067224	         -0.16383042	          0.92697948	          0.33744427	         -0.76114092	         -0.33638577	          0.55453504	         -0.54665883	          0.86434808	          0.25858575	
          1.07000000	          0.62729721	         -0.17515537	          0.75882726	         -0.16025189	          0.92449602	          0.34587055	         -0.76211386	         -0.33856713	          0.55186480	         -0.55984282	          0.86151058	          0.27228739	
          1.08000000	          0.62651207	         -0.18460401	          0.75723443	         -0.15664947	          0.92189723	          0.35435355	         -0.76350741	         -0.34062715	          0.54866162	         -0.57345286	          0.85906841	          0.28654461	
          1.09000000	          0.62512192	         -0.19432020	          0.75595121	         -0.15302670	          0.91920533	          0.36282832	         -0.76537926	         -0.34249266	          0.54487923	         -0.58746306	          0.85710596	          0.30138250	
          1.10000000	          0.62308055	         -0.20425953	          0.75501568	         -0.14938420	          0.91645210	          0.37121410	         -0.76775972	         -0.34408370	          0.54051033	         -0.60180131	          0.85567803	          0.31678220	
          1.11000000	          0.62040426	         -0.21433726	          0.75442567	         -0.14572120	          0.91367860	          0.37941633	         -0.77062565	         -0.34532732	          0.53561661	         -0.61632334	          0.85477870	          0.33264243	
          1.12000000	          0.61802462	         -0.22405812	          0.75355393	         -0.14203658	          0.91092904	          0.38734209	         -0.77322130	         -0.34641917	          0.53115212	         -0.63008758	          0.85345162	          0.34780159	
          1.13000000	          0.62668572	         -0.22855834	          0.74500073	         -0.13831805	          0.90821629	          0.39498264	         -0.76689838	         -0.35057703	          0.53755243	         -0.63368877	          0.84053594	          0.34971863	
          1.14000000	          0.61419892	         -0.24243251	          0.75099013	         -0.13474922	          0.90544850	          0.40249927	         -0.77756179	         -0.34840995	          0.52345789	         -0.65550279	          0.84956028	          0.37594062	
          1.15000000	          0.61418048	         -0.25083134	          0.74824192	         -0.13117600	          0.90250443	          0.41021777	         -0.77818712	         -0.35009913	          0.52139755	         -0.66661906	          0.84540811	          0.38772676	
          1.16000000	          0.61274178	         -0.25991615	          0.74631837	         -0.12773136	          0.89937972	          0.41809189	         -0.77989243	         -0.35151063	          0.51788809	         -0.67917732	          0.84251340	          0.40118052	
          1.17000000	          0.61121372	         -0.26901102	          0.74434593	         -0.12439599	          0.89612486	          0.42601159	         -0.78162870	         -0.35297778	          0.51425991	         -0.69181820	          0.83955486	          0.41461239	
          1.18000000	          0.62038567	         -0.27315420	          0.73519277	         -0.12113881	          0.89276925	          0.43392218	         -0.77488516	         -0.35825948	          0.52077167	         -0.69467684	          0.82595102	          0.41475601	
          1.19000000	          0.61062733	         -0.28589900	          0.73850933	         -0.11809833	          0.88925407	          0.44190494	         -0.78306261	         -0.35705595	          0.50923865	         -0.71472370	          0.83085679	          0.43788996	
          1.20000000	          0.59877855	         -0.29975650	          0.74270471	         -0.11509379	          0.88549158	          0.45017562	         -0.79260183	         -0.35503620	          0.49571326	         -0.73729261	          0.83710053	          0.46413812	
          1.21000000	          0.60584332	         -0.30517354	          0.73472647	         -0.11221487	          0.88149522	          0.45866545	         -0.78763043	         -0.36032663	          0.49980299	         -0.74250441	          0.82526337	          0.46661673	
          1.22000000	          0.60579111	         -0.31394855	          0.73106323	         -0.10938367	          0.87726646	          0.46737433	         -0.78806875	         -0.36309760	          0.49709937	         -0.75458796	          0.81987893	          0.47813728	
          1.23000000	          0.59004731	         -0.33000159	          0.73684674	         -0.10658997	          0.87282340	          0.47625403	         -0.80030166	         -0.35955288	          0.47983224	         -0.78165562	          0.82839426	          0.50993995	
          1.24000000	          0.60247406	         -0.33339552	          0.72517062	         -0.10377810	          0.86814171	          0.48534532	         -0.79136282	         -0.36766479	          0.48843371	         -0.78222663	          0.81128216	          0.50543252	
          1.25000000	          0.60266394	         -0.34265819	          0.72068130	         -0.10089581	          0.86314749	          0.49476908	         -0.79159094	         -0.37089321	          0.48561509	         -0.79473504	          0.80478456	          0.51699049	
          1.26000000	          0.60229030	         -0.35250683	          0.71622994	         -0.09793212	          0.85781433	          0.50454324	         -0.79224724	         -0.37402342	          0.48213151	         -0.80810866	          0.79838495	          0.52952363	
          1.27000000	          0.60146311	         -0.36287370	          0.71173366	         -0.09484433	          0.85215773	          0.51461806	         -0.79325070	         -0.37702768	          0.47812493	         -0.82214152	          0.79196315	          0.54285586	
          1.28000000	          0.60036246	         -0.37364951	          0.70707210	         -0.09157420	          0.84620593	          0.52492827	         -0.79446780	         -0.37989679	          0.47381362	         -0.83653259	          0.78534912	          0.55670815	
          1.29000000	          0.59916649	         -0.38472584	          0.70212929	         -0.08806163	          0.83998754	          0.53541206	         -0.79576671	         -0.38263162	          0.46941281	         -0.85098630	          0.77838348	          0.57080277	
          1.30000000	          0.59800869	         -0.39601768	          0.69681820	         -0.08425314	          0.83352617	          0.54601789	         -0.79704894	         -0.38523256	          0.46509016	         -0.86526656	          0.77095176	          0.58492289	
          1.31000000	          0.59698071	         -0.40746061	          0.69107878	         -0.08010616	          0.82683951	          0.55670407	         -0.79824622	         -0.38770126	          0.46096713	         -0.87919663	          0.76298053	          0.59890851	
          1.32000000	          0.59614944	         -0.41900013	          0.68486841	         -0.07559110	          0.81994064	          0.56743576	         -0.79930710	         -0.39004646	          0.45713447	         -0.89264128	          0.75442309	          0.61263222	
          1.33000000	          0.59555114	         -0.43059417	          0.67816481	         -0.07069217	          0.81283807	          0.57818413	         -0.80020089	         -0.39227916	          0.45364700	         -0.90551243	          0.74526258	          0.62600780	
          1.34000000	          0.59519659	         -0.44220988	          0.67096307	         -0.06540774	          0.80553675	          0.58892477	         -0.80091376	         -0.39441219	          0.45052877	         -0.91776271	          0.73550686	          0.63898310	
          1.35000000	          0.59507427	         -0.45382128	          0.66327435	         -0.05975065	          0.79803913	          0.59963606	         -0.80144649	         -0.39645906	          0.44777644	         -0.92938038	          0.72518560	          0.65153520	
          1.36000000	          0.59515362	         -0.46540719	          0.65512465	         -0.05374842	          0.79034626	          0.61029820	         -0.80181249	         -0.39843310	          0.44536254	         -0.94038442	          0.71434760	          0.66366549	
          1.37000000	          0.59538893	         -0.47694944	          0.64655336	         -0.04744297	          0.78245863	          0.62089264	         -0.80203565	         -0.40034701	          0.44323931	         -0.95081930	          0.70305774	          0.67539430	
          1.38000000	          0.59572264	         -0.48843202	          0.63761172	         -0.04088969	          0.77437683	          0.63140205	         -0.80214872	         -0.40221224	          0.44134197	         -0.96075040	          0.69139405	          0.68675687	
          1.39000000	          0.59608945	         -0.49984040	          0.62836051	         -0.03415552	          0.76610207	          0.64181073	         -0.80219123	         -0.40403859	          0.43959306	         -0.97025873	          0.67944389	          0.69779883	
          1.40000000	          0.59642084	         -0.51116112	          0.61886711	         -0.02731631	          0.75763643	          0.65210495	         -0.80220696	         -0.40583414	          0.43790712	         -0.97943532	          0.66729962	          0.70857143	
          1.41000000	          0.59664918	         -0.52238133	          0.60920235	         -0.02045379	          0.74898305	          0.66227338	         -0.80224148	         -0.40760536	          0.43619545	         -0.98837577	          0.65505436	          0.71912732	
          1.42000000	          0.59671133	         -0.53348871	          0.59943756	         -0.01365253	          0.74014622	          0.67230735	         -0.80233983	         -0.40935725	          0.43437016	         -0.99717564	          0.64279824	          0.72951709	
          1.43000000	          0.59655127	         -0.54447139	          0.58964183	         -0.00699706	          0.73113130	          0.68220089	         -0.80254446	         -0.41109357	          0.43234761	         -1.00592668	          0.63061530	          0.73978666	
          1.44000000	          0.59612214	         -0.55531797	          0.57987959	         -0.00056906	          0.72194460	          0.69195062	         -0.80289356	         -0.41281707	          0.43005116	         -1.01471382	          0.61858089	          0.74997548	
          1.45000000	          0.59538732	         -0.56601769	          0.57020867	          0.00555495	          0.71259320	          0.70155547	         -0.80341962	         -0.41452975	          0.42741315	         -1.02361299	          0.60675984	          0.76011553	
          1.46000000	          0.59432058	         -0.57656067	          0.56067891	          0.01130558	          0.70308467	          0.71101627	         -0.80414876	         -0.41623280	          0.42437604	         -1.03269002	          0.59520548	          0.77023134	
          1.47000000	          0.59290530	         -0.58693845	          0.55133162	          0.01662191	          0.69342681	          0.72033532	         -0.80510063	         -0.41792644	          0.42089247	         -1.04200037	          0.58395952	          0.78034089	
          1.48000000	          0.59113297	         -0.59714439	          0.54219959	          0.02145217	          0.68362742	          0.72951584	         -0.80628879	         -0.41960951	          0.41692475	         -1.05158971	          0.57305268	          0.79045705	
          1.49000000	          0.58900169	         -0.60717389	          0.53330749	          0.02575386	          0.67369405	          0.73856148	         -0.80772133	         -0.42127923	          0.41244401	         -1.06149458	          0.56250570	          0.80058891	
          1.50000000	          0.58651491	         -0.61702432	          0.52467251	          0.02949345	          0.66363402	          0.74747577	         -0.80940126	         -0.42293128	          0.40742942	         -1.07174313	          0.55233037	          0.81074248	
          1.51000000	          0.58368064	         -0.62669461	          0.51630493	          0.03264570	          0.65345431	          0.75626168	         -0.81132680	         -0.42456016	          0.40186751	         -1.08235565	          0.54253068	          0.82092093	
          1.52000000	          0.58051078	         -0.63618474	          0.50820882	          0.03519287	          0.64316160	          0.76492131	         -0.81349167	         -0.42615975	          0.39575141	         -1.09334528	          0.53310373	          0.83112460	
          1.53000000	          0.57702057	         -0.64549545	          0.50038274	          0.03712381	          0.63276220	          0.77345577	         -0.81588546	         -0.42772378	          0.38908005	         -1.10471879	          0.52404078	          0.84135114	
          1.54000000	          0.57322761	         -0.65462808	          0.49282064	          0.03843310	          0.62226195	          0.78186505	         -0.81849435	         -0.42924601	          0.38185712	         -1.11647767	          0.51532841	          0.85159611	
          1.55000000	          0.56915097	         -0.66358467	          0.48551267	          0.03912036	          0.61166620	          0.79014812	         -0.82130187	         -0.43072014	          0.37409009	         -1.12861914	          0.50694950	          0.86185383	
          1.56000000	          0.56481029	         -0.67236805	          0.47844597	          0.03918975	          0.60097974	          0.79830290	         -0.82428970	         -0.43213951	          0.36578948	         -1.14113690	          0.49888412	          0.87211808	
          1.57000000	          0.56022528	         -0.68098174	          0.47160524	          0.03864965	          0.59020697	          0.80632620	         -0.82743812	         -0.43349694	          0.35696856	         -1.15402139	          0.49111029	          0.88238248	
          1.58000000	          0.55541562	         -0.68942976	          0.46497322	          0.03751247	          0.57935210	          0.81421370	         -0.83072637	         -0.43478471	          0.34764342	         -1.16725972	          0.48360437	          0.89264039	
          1.59000000	          0.55040117	         -0.69771614	          0.45853107	          0.03579457	          0.56841955	          0.82195983	         -0.83413266	         -0.43599473	          0.33783323	         -1.18083525	          0.47634155	          0.90288435	
          1.60000000	          0.54520265	         -0.70584429	          0.45225868	          0.03351597	          0.55741427	          0.82955772	         -0.83763402	         -0.43711918	          0.32756079	         -1.19472712	          0.46929619	          0.91310511	
          1.61000000	          0.53984278	         -0.71381604	          0.44613500	          0.03070006	          0.54634223	          0.83699921	         -0.84120585	         -0.43815160	          0.31685311	         -1.20890959	          0.46244207	          0.92328992	
          1.62000000	          0.53434859	         -0.72163016	          0.44013804	          0.02737315	          0.53521086	          0.84427487	         -0.84482086	         -0.43908912	          0.30574246	         -1.22335096	          0.45575240	          0.93341959	
          1.63000000	          0.52875573	         -0.72927990	          0.43424441	          0.02356397	          0.52402934	          0.85137417	         -0.84844688	         -0.43993645	          0.29426825	         -1.23801172	          0.44919931	          0.94346314	
          1.64000000	          0.52311645	         -0.73674881	          0.42842779	          0.01930327	          0.51280888	          0.85828576	         -0.85204259	         -0.44071334	          0.28248042	         -1.25284107	          0.44275207	          0.95336806	
          1.65000000	          0.51751431	         -0.74400335	          0.42265582	          0.01462329	          0.50156244	          0.86499785	         -0.85554959	         -0.44146815	          0.27044552	         -1.26777066	          0.43637376	          0.96304255	
          1.66000000	          0.51208884	         -0.75098061	          0.41688505	          0.00955711	          0.49030424	          0.87149895	         -0.85887931	         -0.44230067	          0.25825654	         -1.28270435	          0.43001567	          0.97232597	
          1.67000000	          0.50706499	         -0.75757365	          0.41105628	          0.00413762	          0.47904846	          0.87777870	         -0.86189789	         -0.44339006	          0.24604326	         -1.29750746	          0.42361245	          0.98095376	
          1.68000000	          0.50274990	         -0.76363334	          0.40510080	         -0.00160418	          0.46780740	          0.88382898	         -0.86443043	         -0.44499478	          0.23396512	         -1.31201445	          0.41708908	          0.98856268	
          1.69000000	          0.49942131	         -0.76902465	          0.39897297	         -0.00764170	          0.45658864	          0.88964511	         -0.86632555	         -0.44735656	          0.22215344	         -1.32609045	          0.41039654	          0.99482774	
          1.70000000	          0.49712154	         -0.77373173	          0.39269502	         -0.01395609	          0.44539133	          0.89522723	         -0.86756867	         -0.45051722	          0.21061536	         -1.33973354	          0.40356020	          0.99971260	
          1.71000000	          0.49556648	         -0.77790775	          0.38635914	         -0.02053991	          0.43420183	          0.90058141	         -0.86832711	         -0.45423374	          0.19919772	         -1.35311324	          0.39668094	          1.00357841	
          1.72000000	          0.49426646	         -0.78181905	          0.38007845	         -0.02739822	          0.42299106	          0.90571955	         -0.86887859	         -0.45808027	          0.18764984	         -1.36650351	          0.38988112	          1.00703581	
          1.73000000	          0.49267997	         -0.78576713	          0.37394713	         -0.03455073	          0.41171832	          0.91065596	         -0.86952441	         -0.46158210	          0.17569654	         -1.38020409	          0.38326128	          1.01075647	
          1.74000000	          0.42798626	         -0.82069358	          0.37853641	         -0.04203693	          0.40030480	          0.91541737	         -0.90280710	         -0.40769857	          0.13682552	         -1.42242680	          0.38821452	          1.09010224	
          1.75000000	          0.42969652	         -0.82320394	          0.37107436	         -0.04985154	          0.38869335	          0.92001756	         -0.90159621	         -0.41382697	          0.12598220	         -1.43470816	          0.38016572	          1.08971923	
          1.76000000	          0.43041992	         -0.82607415	          0.36378591	         -0.05801236	          0.37687904	          0.92444402	         -0.90076260	         -0.41900321	          0.11429373	         -1.44778545	          0.37232908	          1.09045660	
          1.77000000	          0.43024410	         -0.82928158	          0.35662595	         -0.06652044	          0.36486079	          0.92868274	         -0.90025832	         -0.42328319	          0.10181503	         -1.46159863	          0.36465388	          1.09220991	
          1.78000000	          0.42907239	         -0.83288374	          0.34957339	         -0.07537586	          0.35264382	          0.93271690	         -0.90011964	         -0.42655247	          0.08853040	         -1.47616315	          0.35711572	          1.09509060	
          1.79000000	          0.42620370	         -0.83722539	          0.34264275	         -0.08456835	          0.34023341	          0.93653052	         -0.90066564	         -0.42812951	          0.07420596	         -1.49172656	          0.34972849	          1.09992157	
          1.80000000	          0.42170346	         -0.84227875	          0.33575690	         -0.09409126	          0.32764436	          0.94010425	         -0.90183869	         -0.42803701	          0.05891769	         -1.50820674	          0.34240867	          1.10661309	
          1.81000000	          0.41554544	         -0.84805222	          0.32883038	         -0.10392344	          0.31488748	          0.94342238	         -0.90361602	         -0.42620805	          0.04271755	         -1.52554788	          0.33506481	          1.11518081	
          1.82000000	          0.42361097	         -0.84696416	          0.32125606	         -0.11403242	          0.30196680	          0.94647380	         -0.89863805	         -0.43757029	          0.03133507	         -1.53770124	          0.32705556	          1.10702698	
          1.83000000	          0.42018501	         -0.85132510	          0.31414987	         -0.12439108	          0.28888913	          0.94924703	         -0.89887230	         -0.43793682	          0.01548964	         -1.55447996	          0.31956105	          1.11230926	
          1.84000000	          0.41674506	         -0.85563721	          0.30693406	         -0.13496431	          0.27566920	          0.95173060	         -0.89894838	         -0.43805417	         -0.00059671	         -1.57142330	          0.31196992	          1.11755571	
          1.85000000	          0.41319995	         -0.85994328	          0.29960533	         -0.14571743	          0.26232784	          0.95391327	         -0.89890613	         -0.43781464	         -0.01691487	         -1.58852655	          0.30427895	          1.12287270	
          1.86000000	          0.40955372	         -0.86423868	          0.29215965	         -0.15661786	          0.24888784	          0.95578538	         -0.89874167	         -0.43720288	         -0.03342227	         -1.60575047	          0.29648424	          1.12825437	
          1.87000000	          0.40583625	         -0.86850545	          0.28459660	         -0.16763800	          0.23537191	          0.95733879	         -0.89844000	         -0.43623199	         -0.05007206	         -1.62305210	          0.28858560	          1.13366467	
          1.88000000	          0.40208400	         -0.87272218	          0.27691959	         -0.17875618	          0.22180133	          0.95856685	         -0.89798368	         -0.43492548	         -0.06682172	         -1.64039376	          0.28058684	          1.13906024	
          1.89000000	          0.39833432	         -0.87686718	          0.26913513	         -0.18995651	          0.20819494	          0.95946412	         -0.89735517	         -0.43331146	         -0.08363544	         -1.65774545	          0.27249492	          1.14439727	
          1.90000000	          0.39462415	         -0.88091954	          0.26125188	         -0.20122815	          0.19456847	          0.96002622	         -0.89653723	         -0.43142076	         -0.10048439	         -1.67508497	          0.26431890	          1.14963313	
          1.91000000	          0.39099002	         -0.88485948	          0.25327950	         -0.21256412	          0.18093393	          0.96024966	         -0.89551287	         -0.42928617	         -0.11734601	         -1.69239705	          0.25606880	          1.15472652	
          1.92000000	          0.38746827	         -0.88866848	          0.24522780	         -0.22395988	          0.16729933	          0.96013171	         -0.89426524	         -0.42694176	         -0.13420291	         -1.70967209	          0.24775466	          1.15963727	
          1.93000000	          0.38409510	         -0.89232936	          0.23710603	         -0.23541172	          0.15366876	          0.95967038	         -0.89277784	         -0.42442222	         -0.15104138	         -1.72690454	          0.23938585	          1.16432619	
          1.94000000	          0.38090659	         -0.89582631	          0.22892224	         -0.24691494	          0.14004264	          0.95886447	         -0.89103490	         -0.42176211	         -0.16784974	         -1.74409102	          0.23097038	          1.16875512	
