name C:\Users\antoi\Documents\MyRepositories\upper-imu-dc\Results\main_tracking\Case_71\SHRUG01_orientations_groundFrame.mot
datacolumns 13
datarows 200
range 0.710000 2.700000
endheader 
time	radius_imu_[0][0]	radius_imu_[0][1]	radius_imu_[0][2]	radius_imu_[1][0]	radius_imu_[1][1]	radius_imu_[1][2]	radius_imu_[2][0]	radius_imu_[2][1]	radius_imu_[2][2]	radius_imu_x	radius_imu_y	radius_imu_z	
          0.71000000	          0.55825131	         -0.08604928	          0.82519755	         -0.20579845	          0.94916165	          0.23819985	         -0.80374279	         -0.30279975	          0.51216192	         -0.43532920	          0.97055186	          0.15293712	
          0.72000000	          0.55546037	         -0.08604613	          0.82707910	         -0.20693829	          0.94903604	          0.23771233	         -0.80538210	         -0.30319411	          0.50934567	         -0.43665566	          0.97389110	          0.15368800	
          0.73000000	          0.55269489	         -0.08604374	          0.82892993	         -0.20804962	          0.94891697	          0.23721706	         -0.80699673	         -0.30356722	          0.50656020	         -0.43795934	          0.97719192	          0.15444063	
          0.74000000	          0.54998200	         -0.08603971	          0.83073279	         -0.20910663	          0.94881197	          0.23670714	         -0.80857543	         -0.30389640	          0.50383803	         -0.43920363	          0.98042277	          0.15518314	
          0.75000000	          0.54735824	         -0.08602921	          0.83246497	         -0.21009737	          0.94872301	          0.23618582	         -0.81009755	         -0.30417696	          0.50121685	         -0.44036363	          0.98354171	          0.15589633	
          0.76000000	          0.54486462	         -0.08600623	          0.83410160	         -0.21101525	          0.94865000	          0.23566021	         -0.81153873	         -0.30441107	          0.49873719	         -0.44141788	          0.98650208	          0.15655707	
          0.77000000	          0.54254272	         -0.08596426	          0.83561806	         -0.21185638	          0.94859194	          0.23513870	         -0.81287408	         -0.30460381	          0.49643957	         -0.44234644	          0.98925698	          0.15714065	
          0.78000000	          0.54043139	         -0.08589682	          0.83699202	         -0.21261917	          0.94854728	          0.23462979	         -0.81408046	         -0.30476186	          0.49436142	         -0.44313161	          0.99176301	          0.15762273	
          0.79000000	          0.53856388	         -0.08579793	          0.83820502	         -0.21330463	          0.94851401	          0.23414165	         -0.81513807	         -0.30489325	          0.49253429	         -0.44375950	          0.99398346	          0.15798118	
          0.80000000	          0.53696587	         -0.08566228	          0.83924349	         -0.21391677	          0.94848959	          0.23368163	         -0.81603142	         -0.30500732	          0.49098194	         -0.44422114	          0.99589045	          0.15819718	
          0.81000000	          0.53565411	         -0.08548544	          0.84009935	         -0.21446290	          0.94847098	          0.23325622	         -0.81674986	         -0.30511480	          0.48971892	         -0.44451364	          0.99746634	          0.15825621	
          0.82000000	          0.53463586	         -0.08526397	          0.84077021	         -0.21495369	          0.94845455	          0.23287094	         -0.81728783	         -0.30522781	          0.48875001	         -0.44464073	          0.99870431	          0.15814863	
          0.83000000	          0.53390918	         -0.08499548	          0.84125903	         -0.21540290	          0.94843616	          0.23253049	         -0.81764453	         -0.30535980	          0.48807050	         -0.44461288	          0.99960783	          0.15786991	
          0.84000000	          0.53346373	         -0.08467882	          0.84157350	         -0.21582695	          0.94841119	          0.23223900	         -0.81782344	         -0.30552532	          0.48766700	         -0.44444699	          1.00018976	          0.15742060	
          0.85000000	          0.53328201	         -0.08431411	          0.84172527	         -0.21624418	          0.94837457	          0.23200027	         -0.81783174	         -0.30573976	          0.48751866	         -0.44416591	          1.00047081	          0.15680621	
          0.86000000	          0.53334073	         -0.08390295	          0.84172915	         -0.21667419	          0.94832096	          0.23181815	         -0.81767962	         -0.30601904	          0.48759858	         -0.44379771	          1.00047800	          0.15603703	
          0.87000000	          0.53361221	         -0.08344858	          0.84160225	         -0.21713689	          0.94824477	          0.23169684	         -0.81737971	         -0.30637916	          0.48787522	         -0.44337493	          1.00024299	          0.15512786	
          0.88000000	          0.53406556	         -0.08295608	          0.84136334	         -0.21765179	          0.94814034	          0.23164111	         -0.81694656	         -0.30683578	          0.48831356	         -0.44293386	          0.99980080	          0.15409795	
          0.89000000	          0.53466759	         -0.08243263	          0.84103236	         -0.21823719	          0.94800199	          0.23165655	         -0.81639641	         -0.30740379	          0.48887607	         -0.44251400	          0.99918870	          0.15297102	
          0.90000000	          0.53538345	         -0.08188777	          0.84063009	         -0.21890951	          0.94782420	          0.23174967	         -0.81574701	         -0.30809686	          0.48952338	         -0.44215759	          0.99844554	          0.15177537	
          0.91000000	          0.53617699	         -0.08133360	          0.84017800	         -0.21968278	          0.94760167	          0.23192789	         -0.81501761	         -0.30892703	          0.49021462	         -0.44190922	          0.99761137	          0.15054402	
          0.92000000	          0.53701099	         -0.08078489	          0.83969816	         -0.22056822	          0.94732944	          0.23219947	         -0.81422900	         -0.30990439	          0.49090774	         -0.44181543	          0.99672716	          0.14931470	
          0.93000000	          0.53784738	         -0.08025901	          0.83921314	         -0.22157406	          0.94700296	          0.23257328	         -0.81340342	         -0.31103679	          0.49155975	         -0.44192416	          0.99583464	          0.14812961	
          0.94000000	          0.53864762	         -0.07977568	          0.83874584	         -0.22270546	          0.94661819	          0.23305853	         -0.81256447	         -0.31232970	          0.49212716	         -0.44228405	          0.99497589	          0.14703481	
          0.95000000	          0.53937324	         -0.07935652	          0.83831918	         -0.22396457	          0.94617165	          0.23366445	         -0.81173665	         -0.31378615	          0.49256662	         -0.44294350	          0.99419282	          0.14607927	
          0.96000000	          0.53998654	         -0.07902442	          0.83795565	         -0.22535082	          0.94566046	          0.23439986	         -0.81094484	         -0.31540677	          0.49283571	         -0.44394968	          0.99352635	          0.14531364	
          0.97000000	          0.54045166	         -0.07880273	          0.83767663	         -0.22686124	          0.94508235	          0.23527289	         -0.81021354	         -0.31718998	          0.49289404	         -0.44534733	          0.99301528	          0.14478870	
          0.98000000	          0.54073578	         -0.07871443	          0.83750155	         -0.22849076	          0.94443563	          0.23629072	         -0.80956580	         -0.31913222	          0.49270462	         -0.44717763	          0.99269480	          0.14455377	
          0.99000000	          0.54081057	         -0.07878130	          0.83744698	         -0.23023259	          0.94371924	          0.23745939	         -0.80902218	         -0.32122813	          0.49223531	         -0.44947709	          0.99259493	          0.14465515	
          1.00000000	          0.54065332	         -0.07902323	          0.83752571	         -0.23207846	          0.94293260	          0.23878380	         -0.80859977	         -0.32347093	          0.49146005	         -0.45227672	          0.99273902	          0.14513478	
          1.01000000	          0.54024768	         -0.07945763	          0.83774634	         -0.23401907	          0.94207565	          0.24026766	         -0.80831152	         -0.32585266	          0.49035958	         -0.45560162	          0.99314293	          0.14602936	
          1.02000000	          0.53958351	         -0.08009904	          0.83811322	         -0.23604455	          0.94114869	          0.24191345	         -0.80816620	         -0.32836457	          0.48892138	         -0.45947099	          0.99381515	          0.14736985	
          1.03000000	          0.53865585	         -0.08095892	          0.83862717	         -0.23814520	          0.94015232	          0.24372215	         -0.80816876	         -0.33099739	          0.48713857	         -0.46389863	          0.99475800	          0.14918142	
          1.04000000	          0.53746308	         -0.08204546	          0.83928659	         -0.24031229	          0.93908730	          0.24569299	         -0.80832137	         -0.33374179	          0.48500822	         -0.46889369	          0.99596973	          0.15148376	
          1.05000000	          0.53600481	         -0.08336357	          0.84008890	         -0.24253899	          0.93795449	          0.24782295	         -0.80862456	         -0.33658861	          0.48252920	         -0.47446167	          0.99744708	          0.15429154	
          1.06000000	          0.53427990	         -0.08491487	          0.84103178	         -0.24482110	          0.93675474	          0.25010636	         -0.80907825	         -0.33952912	          0.47970028	         -0.48060533	          0.99918763	          0.15761502	
          1.07000000	          0.53228512	         -0.08669777	          0.84211404	         -0.24715745	          0.93548886	          0.25253472	         -0.80968250	         -0.34255523	          0.47651880	         -0.48732541	          1.00119128	          0.16146059	
          1.08000000	          0.53001468	         -0.08870772	          0.84333586	         -0.24954996	          0.93415766	          0.25509663	         -0.81043769	         -0.34565938	          0.47298027	         -0.49462122	          1.00346088	          0.16583138	
          1.09000000	          0.52746063	         -0.09093746	          0.84469857	         -0.25200323	          0.93276194	          0.25777809	         -0.81134435	         -0.34883456	          0.46907866	         -0.50249096	          1.00600174	          0.17072779	
          1.10000000	          0.52461382	         -0.09337752	          0.84620386	         -0.25452382	          0.93130260	          0.26056303	         -0.81240259	         -0.35207401	          0.46480741	         -0.51093186	          1.00882038	          0.17614812	
          1.11000000	          0.52146556	         -0.09601670	          0.84785285	         -0.25711916	          0.92978076	          0.26343400	         -0.81361133	         -0.35537097	          0.46016092	         -0.51994014	          1.01192263	          0.18208903	
          1.12000000	          0.51800939	         -0.09884257	          0.84964488	         -0.25979640	          0.92819786	          0.26637298	         -0.81496754	         -0.35871839	          0.45513627	         -0.52951064	          1.01531152	          0.18854584	
          1.13000000	          0.51424305	         -0.10184198	          0.85157636	         -0.26256114	          0.92655579	          0.26936224	         -0.81646539	         -0.36210852	          0.44973513	         -0.53963626	          1.01898499	          0.19551265	
          1.14000000	          0.51017023	         -0.10500150	          0.85363987	         -0.26541625	          0.92485703	          0.27238517	         -0.81809568	         -0.36553270	          0.44396542	         -0.55030715	          1.02293392	          0.20298212	
          1.15000000	          0.50580187	         -0.10830771	          0.85582353	         -0.26836096	          0.92310476	          0.27542693	         -0.81984563	         -0.36898108	          0.43784255	         -0.56150976	          1.02714082	          0.21094513	
          1.16000000	          0.50115662	         -0.11174752	          0.85811103	         -0.27139026	          0.92130293	          0.27847485	         -0.82169907	         -0.37244249	          0.43138987	         -0.57322603	          1.03157940	          0.21939021	
          1.17000000	          0.49626038	         -0.11530817	          0.86048223	         -0.27449482	          0.91945630	          0.28151858	         -0.82363719	         -0.37590443	          0.42463823	         -0.58543273	          1.03621542	          0.22830314	
          1.18000000	          0.49114490	         -0.11897731	          0.86291430	         -0.27766140	          0.91757048	          0.28454976	         -0.82563965	         -0.37935316	          0.41762465	         -0.59810118	          1.04100847	          0.23766647	
          1.19000000	          0.48584571	         -0.12274274	          0.86538325	         -0.28087370	          0.91565187	          0.28756150	         -0.82768588	         -0.38277391	          0.41039033	         -0.61119723	          1.04591466	          0.24745927	
          1.20000000	          0.48039975	         -0.12659207	          0.86786550	         -0.28411349	          0.91370764	          0.29054754	         -0.82975635	         -0.38615127	          0.40297840	         -0.62468152	          1.05088956	          0.25765675	
          1.21000000	          0.47484298	         -0.13051226	          0.87033942	         -0.28736196	          0.91174562	          0.29350134	         -0.83183367	         -0.38946949	          0.39543175	         -0.63850979	          1.05589114	          0.26823001	
          1.22000000	          0.46920854	         -0.13448907	          0.87278636	         -0.29060083	          0.90977427	          0.29641513	         -0.83390317	         -0.39271295	          0.38779122	         -0.65263328	          1.06088207	          0.27914572	
          1.23000000	          0.46352549	         -0.13850662	          0.87519143	         -0.29381340	          0.90780262	          0.29927929	         -0.83595323	         -0.39586655	          0.38009455	         -0.66699903	          1.06583138	          0.29036582	
          1.24000000	          0.45781821	         -0.14254707	          0.87754363	         -0.29698514	          0.90584013	          0.30208191	         -0.83797513	         -0.39891601	          0.37237575	         -0.68155034	          1.07071513	          0.30184753	
          1.25000000	          0.45210654	         -0.14659063	          0.87983570	         -0.30010394	          0.90389666	          0.30480888	         -0.83996268	         -0.40184825	          0.36466517	         -0.69622734	          1.07551640	          0.31354356	
          1.26000000	          0.44640652	         -0.15061563	          0.88206357	         -0.30316012	          0.90198228	          0.30744415	         -0.84191161	         -0.40465157	          0.35699012	         -0.71096727	          1.08022445	          0.32540220	
          1.27000000	          0.44073153	         -0.15459869	          0.88422563	         -0.30614605	          0.90010725	          0.30997023	         -0.84381889	         -0.40731584	          0.34937587	         -0.72570444	          1.08483343	          0.33736727	
          1.28000000	          0.43509388	         -0.15851512	          0.88632176	         -0.30905564	          0.89828181	          0.31236903	         -0.84568193	         -0.40983259	          0.34184693	         -0.74037026	          1.08934061	          0.34937816	
          1.29000000	          0.42950609	         -0.16234001	          0.88835254	         -0.31188388	          0.89651582	          0.31462330	         -0.84749806	         -0.41219547	          0.33442777	         -0.75489467	          1.09374466	          0.36137112	
          1.30000000	          0.42398195	         -0.16604934	          0.89031844	         -0.31462680	          0.89481817	          0.31671820	         -0.84926397	         -0.41440084	          0.32714318	         -0.76920824	          1.09804404	          0.37328093	
          1.31000000	          0.41853731	         -0.16962084	          0.89221931	         -0.31728112	          0.89319642	          0.31864219	         -0.85097545	         -0.41644799	          0.32001853	         -0.78324312	          1.10223585	          0.38504167	
          1.32000000	          0.41318947	         -0.17303466	          0.89405451	         -0.31984319	          0.89165717	          0.32038699	         -0.85262817	         -0.41833778	          0.31307940	         -0.79693354	          1.10631607	          0.39658877	
          1.33000000	          0.40795665	         -0.17627387	          0.89582303	         -0.32230860	          0.89020613	          0.32194753	         -0.85421808	         -0.42007211	          0.30635093	         -0.81021663	          1.11027971	          0.40786032	
          1.34000000	          0.40285697	         -0.17932500	          0.89752371	         -0.32467233	          0.88884799	          0.32332202	         -0.85574186	         -0.42165364	          0.29985674	         -0.82303455	          1.11412141	          0.41879931	
          1.35000000	          0.39790756	         -0.18217824	          0.89915553	         -0.32692954	          0.88758613	          0.32451184	         -0.85719697	         -0.42308622	          0.29361779	         -0.83533649	          1.11783602	          0.42935500	
          1.36000000	          0.39312399	         -0.18482741	          0.90071769	         -0.32907598	          0.88642250	          0.32552135	         -0.85858169	         -0.42437481	          0.28765169	         -0.84707997	          1.12141881	          0.43948408	
          1.37000000	          0.38851951	         -0.18727004	          0.90220980	         -0.33110850	          0.88535748	          0.32635762	         -0.85989520	         -0.42552564	          0.28197195	         -0.85823229	          1.12486598	          0.44915179	
          1.38000000	          0.38410506	         -0.18950660	          0.90363187	         -0.33302542	          0.88438998	          0.32702973	         -0.86113726	         -0.42654615	          0.27658815	         -0.86876988	          1.12817463	          0.45833100	
          1.39000000	          0.37988995	         -0.19154020	          0.90498397	         -0.33482620	          0.88351758	          0.32754861	         -0.86230797	         -0.42744477	          0.27150677	         -0.87867703	          1.13134203	          0.46700130	
          1.40000000	          0.37587958	         -0.19337619	          0.90626718	         -0.33651211	          0.88273684	          0.32792572	         -0.86340845	         -0.42823046	          0.26672932	         -0.88794791	          1.13436793	          0.47515106	
          1.41000000	          0.37208431	         -0.19502195	          0.90747987	         -0.33808355	          0.88204301	          0.32817624	         -0.86443784	         -0.42891325	          0.26226065	         -0.89657649	          1.13724569	          0.48276769	
          1.42000000	          0.36851010	         -0.19648601	          0.90862179	         -0.33954258	          0.88143089	          0.32831450	         -0.86539652	         -0.42950300	          0.25810081	         -0.90456458	          1.13997197	          0.48984597	
          1.43000000	          0.36516607	         -0.19777850	          0.90969083	         -0.34089002	          0.88089475	          0.32835718	         -0.86628386	         -0.43000943	          0.25425216	         -0.91191384	          1.14253898	          0.49638085	
          1.44000000	          0.36206482	         -0.19891044	          0.91068309	         -0.34212539	          0.88042852	          0.32832277	         -0.86709819	         -0.43044194	          0.25071988	         -0.91862361	          1.14493462	          0.50236553	
          1.45000000	          0.35922257	         -0.19989365	          0.91159293	         -0.34324670	          0.88002599	          0.32823156	         -0.86783688	         -0.43080945	          0.24751237	         -0.92469008	          1.14714242	          0.50779076	
          1.46000000	          0.35665868	         -0.20074061	          0.91241317	         -0.34425054	          0.87968088	          0.32810532	         -0.86849649	         -0.43112034	          0.24464076	         -0.93010653	          1.14914212	          0.51264522	
          1.47000000	          0.35439376	         -0.20146417	          0.91313594	         -0.34513276	          0.87938697	          0.32796635	         -0.86907333	         -0.43138236	          0.24211737	         -0.93486522	          1.15091161	          0.51691714	
          1.48000000	          0.35244775	         -0.20207736	          0.91375343	         -0.34588913	          0.87913816	          0.32783654	         -0.86956385	         -0.43160263	          0.23995390	         -0.93895968	          1.15242891	          0.52059646	
          1.49000000	          0.35083778	         -0.20259320	          0.91425863	         -0.34651609	          0.87892856	          0.32773646	         -0.86996520	         -0.43178766	          0.23815954	         -0.94238781	          1.15367418	          0.52367770	
          1.50000000	          0.34957649	         -0.20302461	          0.91464599	         -0.34701122	          0.87875255	          0.32768455	         -0.87027552	         -0.43194324	          0.23673942	         -0.94515416	          1.15463134	          0.52616206	
          1.51000000	          0.34867113	         -0.20338413	          0.91491166	         -0.34737359	          0.87860488	          0.32769659	         -0.87049413	         -0.43207448	          0.23569388	         -0.94727120	          1.15528901	          0.52805870	
          1.52000000	          0.34812303	         -0.20368374	          0.91505371	         -0.34760385	          0.87848072	          0.32778529	         -0.87062157	         -0.43218580	          0.23501812	         -0.94875977	          1.15564106	          0.52938505	
          1.53000000	          0.34792763	         -0.20393460	          0.91507215	         -0.34770418	          0.87837578	          0.32796004	         -0.87065962	         -0.43228077	          0.23470229	         -0.94964871	          1.15568680	          0.53016663	
          1.54000000	          0.34807451	         -0.20414684	          0.91496896	         -0.34767815	          0.87828645	          0.32822677	         -0.87061130	         -0.43236209	          0.23473173	         -0.94997405	          1.15543100	          0.53043631	
          1.55000000	          0.34854775	         -0.20432938	          0.91474804	         -0.34753053	          0.87820987	          0.32858782	         -0.87048090	         -0.43243142	          0.23508737	         -0.94977789	          1.15488385	          0.53023346	
          1.56000000	          0.34932605	         -0.20448978	          0.91441525	         -0.34726710	          0.87814406	          0.32904190	         -0.87027402	         -0.43248924	          0.23574602	         -0.94910727	          1.15406092	          0.52960290	
          1.57000000	          0.35038302	         -0.20463412	          0.91397846	         -0.34689458	          0.87808798	          0.32958406	         -0.86999764	         -0.43253483	          0.23668065	         -0.94801304	          1.15298315	          0.52859393	
          1.58000000	          0.35168737	         -0.20476697	          0.91344758	         -0.34642049	          0.87804158	          0.33020573	         -0.86966019	         -0.43256614	          0.23786066	         -0.94654886	          1.15167673	          0.52725941	
          1.59000000	          0.35320337	         -0.20489140	          0.91283454	         -0.34585318	          0.87800576	          0.33089495	         -0.86927151	         -0.43257994	          0.23925225	         -0.94477015	          1.15017286	          0.52565465	
          1.60000000	          0.35489160	         -0.20500912	          0.91215307	         -0.34520162	          0.87798227	          0.33163680	         -0.86884279	         -0.43257183	          0.24081905	         -0.94273280	          1.14850704	          0.52383619	
          1.61000000	          0.35671005	         -0.20512053	          0.91141840	         -0.34447526	          0.87797366	          0.33241397	         -0.86838628	         -0.43253649	          0.24252309	         -0.94049163	          1.14671808	          0.52186008	
          1.62000000	          0.35861582	         -0.20522493	          0.91064670	         -0.34368363	          0.87798306	          0.33320760	         -0.86791489	         -0.43246788	          0.24432617	         -0.93809837	          1.14484653	          0.51977989	
          1.63000000	          0.36056699	         -0.20532059	          0.90985433	         -0.34283594	          0.87801409	          0.33399818	         -0.86744162	         -0.43235948	          0.24619162	         -0.93559944	          1.14293286	          0.51764433	
          1.64000000	          0.36252468	         -0.20540476	          0.90905706	         -0.34194053	          0.87807068	          0.33476642	         -0.86697897	         -0.43220454	          0.24808608	         -0.93303356	          1.14101542	          0.51549495	
          1.65000000	          0.36445501	         -0.20547372	          0.90826928	         -0.34100439	          0.87815701	          0.33549406	         -0.86653826	         -0.43199631	          0.24998128	         -0.93042967	          1.13912866	          0.51336393	
          1.66000000	          0.36633076	         -0.20552272	          0.90750327	         -0.34003267	          0.87827741	          0.33616451	         -0.86612906	         -0.43172816	          0.25185559	         -0.92780524	          1.13730140	          0.51127244	
          1.67000000	          0.36813260	         -0.20554593	          0.90676858	         -0.33902837	          0.87843624	          0.33676331	         -0.86575871	         -0.43139383	          0.25369512	         -0.92516513	          1.13555562	          0.50922947	
          1.68000000	          0.36984987	         -0.20553647	          0.90607165	         -0.33799207	          0.87863792	          0.33727847	         -0.86543193	         -0.43098743	          0.25549442	         -0.92250120	          1.13390560	          0.50723138	
          1.69000000	          0.37148085	         -0.20548648	          0.90541553	         -0.33692188	          0.87888676	          0.33770061	         -0.86515063	         -0.43050361	          0.25725672	         -0.91979265	          1.13235751	          0.50526222	
          1.70000000	          0.37303259	         -0.20538728	          0.90479984	         -0.33581350	          0.87918696	          0.33802305	         -0.86491386	         -0.42993762	          0.25899356	         -0.91700702	          1.13090945	          0.50329458	
          1.71000000	          0.37452015	         -0.20522963	          0.90422091	         -0.33466046	          0.87954244	          0.33824174	         -0.86471789	         -0.42928533	          0.26072412	         -0.91410187	          1.12955190	          0.50129118	
          1.72000000	          0.37596554	         -0.20500395	          0.90367212	         -0.33345450	          0.87995680	          0.33835504	         -0.86455654	         -0.42854337	          0.26247395	         -0.91102705	          1.12826860	          0.49920697	
          1.73000000	          0.37739622	         -0.20470074	          0.90314434	         -0.33218608	          0.88043316	          0.33836351	         -0.86442149	         -0.42770909	          0.26427341	         -0.90772748	          1.12703773	          0.49699167	
          1.74000000	          0.37884321	         -0.20431093	          0.90262665	         -0.33084497	          0.88097411	          0.33826944	         -0.86430285	         -0.42678057	          0.26615582	         -0.90414624	          1.12583346	          0.49459274	
          1.75000000	          0.38033913	         -0.20382624	          0.90210698	         -0.32942089	          0.88158164	          0.33807645	         -0.86418981	         -0.42575659	          0.26815537	         -0.90022797	          1.12462765	          0.49195857	
          1.76000000	          0.38191592	         -0.20323964	          0.90157300	         -0.32790407	          0.88225707	          0.33778895	         -0.86407126	         -0.42463644	          0.27030491	         -0.89592227	          1.12339178	          0.48904190	
          1.77000000	          0.38360252	         -0.20254572	          0.90101295	         -0.32628585	          0.88300113	          0.33741154	         -0.86393672	         -0.42341970	          0.27263366	         -0.89118714	          1.12209899	          0.48580319	
          1.78000000	          0.38542253	         -0.20174106	          0.90041658	         -0.32455910	          0.88381397	          0.33694844	         -0.86377709	         -0.42210592	          0.27516492	         -0.88599224	          1.12072615	          0.48221411	
          1.79000000	          0.38739187	         -0.20082468	          0.89977608	         -0.32271870	          0.88469529	          0.33640286	         -0.86358566	         -0.42069429	          0.27791388	         -0.88032183	          1.11925608	          0.47826052	
          1.80000000	          0.38951667	         -0.19979824	          0.89908700	         -0.32076182	          0.88564440	          0.33577648	         -0.86335892	         -0.41918332	          0.28088561	         -0.87417707	          1.11767945	          0.47394505	
          1.81000000	          0.39179173	         -0.19866634	          0.89834900	         -0.31868828	          0.88666030	          0.33506909	         -0.86309734	         -0.41757059	          0.28407354	         -0.86757745	          1.11599655	          0.46928862	
          1.82000000	          0.39419967	         -0.19743648	          0.89756641	         -0.31650068	          0.88774167	          0.33427839	         -0.86280585	         -0.41585281	          0.28745869	         -0.86056095	          1.11421826	          0.46433057	
          1.83000000	          0.39671124	         -0.19611905	          0.89674830	         -0.31420441	          0.88888688	          0.33340021	         -0.86249393	         -0.41402588	          0.29100995	         -0.85318265	          1.11236611	          0.45912722	
          1.84000000	          0.39928696	         -0.19472708	          0.89590808	         -0.31180727	          0.89009387	          0.33242914	         -0.86217524	         -0.41208527	          0.29468555	         -0.84551174	          1.11047114	          0.45374881	
          1.85000000	          0.40188003	         -0.19327579	          0.89506252	         -0.30931885	          0.89136008	          0.33135942	         -0.86186675	         -0.41002644	          0.29843597	         -0.83762704	          1.10857137	          0.44827481	
          1.86000000	          0.40444061	         -0.19178214	          0.89423006	         -0.30674951	          0.89268234	          0.33018627	         -0.86158722	         -0.40784537	          0.30220791	         -0.82961129	          1.10670812	          0.44278814	
          1.87000000	          0.40692092	         -0.19026400	          0.89342878	         -0.30410910	          0.89405687	          0.32890724	         -0.86135534	         -0.40553906	          0.30594942	         -0.82154462	          1.10492115	          0.43736867	
          1.88000000	          0.40928098	         -0.18873929	          0.89267383	         -0.30140569	          0.89547916	          0.32752357	         -0.86118737	         -0.40310614	          0.30961549	         -0.81349778	          1.10324332	          0.43208621	
          1.89000000	          0.41149414	         -0.18722475	          0.89197503	         -0.29864440	          0.89694409	          0.32604114	         -0.86109471	         -0.40054736	          0.31317362	         -0.80552565	          1.10169524	          0.42699391	
          1.90000000	          0.41355140	         -0.18573480	          0.89133486	         -0.29582678	          0.89844595	          0.32447094	         -0.86108174	         -0.39786613	          0.31660825	         -0.79766232	          1.10028116	          0.42212307	
          1.91000000	          0.41546474	         -0.18428044	          0.89074675	         -0.29295059	          0.89997847	          0.32282921	         -0.86114401	         -0.39506894	          0.31992425	         -0.78991769	          1.09898554	          0.41747930	
          1.92000000	          0.41726673	         -0.18286852	          0.89019525	         -0.29001055	          0.90153496	          0.32113643	         -0.86126788	         -0.39216556	          0.32314675	         -0.78227793	          1.09777356	          0.41304254	
          1.93000000	          0.41901048	         -0.18150189	          0.88965571	         -0.28699864	          0.90310823	          0.31941714	         -0.86143021	         -0.38916911	          0.32632102	         -0.77470712	          1.09659064	          0.40876853	
          1.94000000	          0.42076764	         -0.18017962	          0.88909499	         -0.28390499	          0.90469062	          0.31769928	         -0.86159883	         -0.38609608	          0.32951065	         -0.76715052	          1.09536415	          0.40459183	
          1.95000000	          0.42262346	         -0.17889342	          0.88847429	         -0.28072170	          0.90627450	          0.31600928	         -0.86173356	         -0.38296695	          0.33279360	         -0.75953426	          1.09400987	          0.40042364	
          1.96000000	          0.42465705	         -0.17763034	          0.88775777	         -0.27744683	          0.90785269	          0.31436721	         -0.86179443	         -0.37980384	          0.33624307	         -0.75178723	          1.09245092	          0.39617460	
          1.97000000	          0.42696442	         -0.17637506	          0.88690091	         -0.27407657	          0.90941760	          0.31279653	         -0.86173280	         -0.37663175	          0.33994869	         -0.74382526	          1.09059277	          0.39174033	
          1.98000000	          0.42963846	         -0.17510951	          0.88585972	         -0.27061063	          0.91096205	          0.31131662	         -0.86149909	         -0.37347665	          0.34399784	         -0.73556840	          1.08834379	          0.38701868	
          1.99000000	          0.43276233	         -0.17381184	          0.88459381	         -0.26705412	          0.91247985	          0.30993972	         -0.86104521	         -0.37036466	          0.34846974	         -0.72694498	          1.08562231	          0.38191374	
          2.00000000	          0.43640794	         -0.17245811	          0.88306642	         -0.26341654	          0.91396571	          0.30867199	         -0.86032542	         -0.36732121	          0.35343357	         -0.71789598	          1.08235731	          0.37634119	
          2.01000000	          0.44063343	         -0.17102495	          0.88124494	         -0.25971045	          0.91541524	          0.30751490	         -0.85929778	         -0.36436986	          0.35894559	         -0.70838091	          1.07848968	          0.37023567	
          2.02000000	          0.44547980	         -0.16949106	          0.87910212	         -0.25595061	          0.91682505	          0.30646551	         -0.85792601	         -0.36153091	          0.36504570	         -0.69838209	          1.07397511	          0.36355639	
          2.03000000	          0.45097001	         -0.16783824	          0.87661643	         -0.25215312	          0.91819283	          0.30551716	         -0.85618038	         -0.35882065	          0.37175650	         -0.68790532	          1.06878485	          0.35628869	
          2.04000000	          0.45710783	         -0.16605247	          0.87377286	         -0.24833464	          0.91951730	          0.30466021	         -0.85403884	         -0.35625064	          0.37908198	         -0.67698019	          1.06290682	          0.34844527	
          2.05000000	          0.46387662	         -0.16412549	          0.87056378	         -0.24451178	          0.92079801	          0.30388322	         -0.85148839	         -0.35382742	          0.38700606	         -0.66566087	          1.05634693	          0.34006749	
          2.06000000	          0.47123846	         -0.16205646	          0.86699021	         -0.24070108	          0.92203483	          0.30317448	         -0.84852655	         -0.35155295	          0.39549111	         -0.65402640	          1.04913039	          0.33122558	
          2.07000000	          0.47913407	         -0.15985253	          0.86306298	         -0.23691934	          0.92322753	          0.30252298	         -0.84516257	         -0.34942537	          0.40447761	         -0.64217823	          1.04130277	          0.32201571	
          2.08000000	          0.48748355	         -0.15752857	          0.85880413	         -0.23318393	          0.92437570	          0.30191857	         -0.84141847	         -0.34743966	          0.41388482	         -0.63023508	          1.03293079	          0.31255450	
          2.09000000	          0.49618809	         -0.15510673	          0.85424779	         -0.22951336	          0.92547840	          0.30135253	         -0.83732968	         -0.34558882	          0.42361229	         -0.61832783	          1.02410218	          0.30297292	
          2.10000000	          0.50513353	         -0.15261532	          0.84944022	         -0.22592881	          0.92653350	          0.30081861	         -0.83294435	         -0.34386659	          0.43354294	         -0.60659405	          1.01492356	          0.29340856	
          2.11000000	          0.51419419	         -0.15008783	          0.84443945	         -0.22245419	          0.92753750	          0.30031371	         -0.82832269	         -0.34226866	          0.44354672	         -0.59517274	          1.00551782	          0.28399936	
          2.12000000	          0.52323745	         -0.14756064	          0.83931426	         -0.21911479	          0.92848627	          0.29983655	         -0.82353584	         -0.34079188	          0.45348606	         -0.58419549	          0.99602063	          0.27487594	
          2.13000000	          0.53212806	         -0.14507113	          0.83414273	         -0.21593565	          0.92937589	          0.29938645	         -0.81866447	         -0.33943309	          0.46322097	         -0.57378003	          0.98657665	          0.26615635	
          2.14000000	          0.54073289	         -0.14265512	          0.82900992	         -0.21294138	          0.93020297	          0.29896220	         -0.81379598	         -0.33818921	          0.47261417	         -0.56402539	          0.97733494	          0.25794106	
