name C:\Users\antoi\Documents\MyRepositories\upper-imu-dc\Results\main_tracking\Case_79\ABD01_orientations_groundFrame.mot
datacolumns 13
datarows 650
range 3.010000 9.500000
endheader 
time	radius_imu_[0][0]	radius_imu_[0][1]	radius_imu_[0][2]	radius_imu_[1][0]	radius_imu_[1][1]	radius_imu_[1][2]	radius_imu_[2][0]	radius_imu_[2][1]	radius_imu_[2][2]	radius_imu_x	radius_imu_y	radius_imu_z	
          3.01000000	          0.57522757	         -0.02784748	          0.81751928	         -0.18525087	          0.96901865	          0.16335533	         -0.79674046	         -0.24541264	          0.55224747	         -0.28760002	          0.95709020	          0.04837347	
          3.02000000	          0.57774906	         -0.02755945	          0.81574904	         -0.18446926	          0.96916164	          0.16339155	         -0.79509566	         -0.24487994	          0.55484836	         -0.28638459	          0.95402302	          0.04766528	
          3.03000000	          0.58073594	         -0.02716194	          0.81363874	         -0.18381049	          0.96925972	          0.16355211	         -0.79306965	         -0.24453592	          0.55789131	         -0.28517096	          0.95038387	          0.04673752	
          3.04000000	          0.58350844	         -0.02690015	          0.81166144	         -0.18326424	          0.96930867	          0.16387471	         -0.79115872	         -0.24437079	          0.56066995	         -0.28436271	          0.94699082	          0.04606810	
          3.05000000	          0.58664191	         -0.02660608	          0.80940928	         -0.18283835	          0.96930369	          0.16437915	         -0.78893689	         -0.24442275	          0.56376955	         -0.28370642	          0.94314551	          0.04532213	
          3.06000000	          0.59052667	         -0.02615972	          0.80659402	         -0.18254319	          0.96924039	          0.16507893	         -0.78610192	         -0.24472176	          0.56758702	         -0.28303521	          0.93836721	          0.04427002	
          3.07000000	          0.59470051	         -0.02569724	          0.80353653	         -0.18239580	          0.96911351	          0.16598426	         -0.78298345	         -0.24527261	          0.57164523	         -0.28259164	          0.93321282	          0.04318352	
          3.08000000	          0.59915269	         -0.02521664	          0.80023757	         -0.18241020	          0.96891803	          0.16710589	         -0.77957846	         -0.24609344	          0.57593007	         -0.28239543	          0.92769128	          0.04206234	
          3.09000000	          0.60387589	         -0.02471505	          0.79669510	         -0.18259738	          0.96864931	          0.16845387	         -0.77588150	         -0.24719967	          0.58043106	         -0.28246220	          0.92180710	          0.04090454	
          3.10000000	          0.60886707	         -0.02418918	          0.79290339	         -0.18296503	          0.96830306	          0.17003816	         -0.77188386	         -0.24860423	          0.58514207	         -0.28280429	          0.91555908	          0.03970729	
          3.11000000	          0.61412465	         -0.02363492	          0.78885506	         -0.18351862	          0.96787515	          0.17186802	         -0.76757529	         -0.25031798	          0.59005854	         -0.28343111	          0.90894380	          0.03846655	
          3.12000000	          0.61965117	         -0.02304745	          0.78453887	         -0.18426020	          0.96736177	          0.17395222	         -0.76294207	         -0.25234899	          0.59518013	         -0.28434838	          0.90195212	          0.03717710	
          3.13000000	          0.62545165	         -0.02242134	          0.77994071	         -0.18518873	          0.96675946	          0.17629883	         -0.75796792	         -0.25470262	          0.60050912	         -0.28555862	          0.89457108	          0.03583289	
          3.14000000	          0.63153402	         -0.02175085	          0.77504302	         -0.18629939	          0.96606512	          0.17891541	         -0.75263359	         -0.25738121	          0.60605082	         -0.28706130	          0.88678317	          0.03442768	
          3.15000000	          0.63790642	         -0.02103021	          0.76982669	         -0.18758420	          0.96527602	          0.18180862	         -0.74691872	         -0.26038421	          0.61181083	         -0.28885362	          0.87856957	          0.03295561	
          3.16000000	          0.64457388	         -0.02025381	          0.76427370	         -0.18903291	          0.96438974	          0.18498378	         -0.74080434	         -0.26370859	          0.61779180	         -0.29093137	          0.86991435	          0.03141168	
          3.17000000	          0.65153707	         -0.01941649	          0.75836828	         -0.19063314	          0.96340417	          0.18844470	         -0.73427410	         -0.26734883	          0.62399211	         -0.29328930	          0.86080615	          0.02979223	
          3.18000000	          0.65879031	         -0.01851372	          0.75209878	         -0.19237107	          0.96231759	          0.19219321	         -0.72731609	         -0.27129707	          0.63040399	         -0.29592150	          0.85124087	          0.02809521	
          3.19000000	          0.66632133	         -0.01754183	          0.74545837	         -0.19423154	          0.96112865	          0.19622904	         -0.71992361	         -0.27554312	          0.63701334	         -0.29882147	          0.84122224	          0.02632031	
          3.20000000	          0.67410992	         -0.01649793	          0.73844678	         -0.19619892	          0.95983643	          0.20054926	         -0.71209677	         -0.28007471	          0.64379838	         -0.30198216	          0.83076402	          0.02446877	
          3.21000000	          0.68212869	         -0.01537993	          0.73107038	         -0.19825739	          0.95844051	          0.20514825	         -0.70384263	         -0.28487761	          0.65073058	         -0.30539583	          0.81988942	          0.02254315	
          3.22000000	          0.69034362	         -0.01418648	          0.72334254	         -0.20039154	          0.95694088	          0.21001757	         -0.69517546	         -0.28993601	          0.65777518	         -0.30905397	          0.80863096	          0.02054698	
          3.23000000	          0.69871557	         -0.01291687	          0.71528295	         -0.20258666	          0.95533802	          0.21514623	         -0.68611602	         -0.29523281	          0.66489277	         -0.31294734	          0.79702892	          0.01848448	
          3.24000000	          0.70720168	         -0.01157108	          0.70691718	         -0.20482926	          0.95363275	          0.22052110	         -0.67669103	         -0.30075022	          0.67204059	         -0.31706621	          0.78513006	          0.01636032	
          3.25000000	          0.71575715	         -0.01014974	          0.69827551	         -0.20710743	          0.95182603	          0.22612767	         -0.66693194	         -0.30647054	          0.67917420	         -0.32140103	          0.77298558	          0.01417947	
          3.26000000	          0.72433712	         -0.00865428	          0.68939165	         -0.20941103	          0.94991883	          0.23195095	         -0.65687347	         -0.31237690	          0.68624917	         -0.32594299	          0.76064890	          0.01194729	
          3.27000000	          0.73289810	         -0.00708701	          0.68030151	         -0.21173183	          0.94791184	          0.23797643	         -0.64655240	         -0.31845396	          0.69322224	         -0.33068484	          0.74817393	          0.00966955	
          3.28000000	          0.74139952	         -0.00545134	          0.67104175	         -0.21406329	          0.94580531	          0.24419096	         -0.63600602	         -0.32468846	          0.70005267	         -0.33562141	          0.73561297	          0.00735264	
          3.29000000	          0.74980475	         -0.00375183	          0.66164852	         -0.21640027	          0.94359888	          0.25058346	         -0.62527095	         -0.33106959	          0.70670302	         -0.34075004	          0.72301521	          0.00500370	
          3.30000000	          0.75808199	         -0.00199421	          0.65215621	         -0.21873865	          0.94129148	          0.25714539	         -0.61438188	         -0.33758906	          0.71313991	         -0.34607068	          0.71042525	          0.00263059	
          3.31000000	          0.76620485	         -0.00018528	          0.64259637	         -0.22107471	          0.93888132	          0.26387088	         -0.60337062	         -0.34424096	          0.71933446	         -0.35158561	          0.69788208	          0.00024181	
          3.32000000	          0.77415251	          0.00166730	          0.63299692	         -0.22340468	          0.93636596	          0.27075659	         -0.59226534	         -0.35102137	          0.72526255	         -0.35729889	          0.68541834	         -0.00215370	
          3.33000000	          0.78190983	          0.00355527	          0.62338141	         -0.22572410	          0.93374250	          0.27780132	         -0.58109006	         -0.35792779	          0.73090495	         -0.36321568	          0.67305980	         -0.00454688	
          3.34000000	          0.78946695	          0.00547008	          0.61376869	         -0.22802748	          0.93100769	          0.28500553	         -0.56986437	         -0.36495858	          0.73624713	         -0.36934150	          0.66082539	         -0.00692872	
          3.35000000	          0.79681889	          0.00740311	          0.60417287	         -0.23030794	          0.92815818	          0.29237073	         -0.55860354	         -0.37211233	          0.74127896	         -0.37568152	          0.64872746	         -0.00929056	
          3.36000000	          0.80396473	          0.00934586	          0.59460353	         -0.23255705	          0.92519071	          0.29989894	         -0.54731885	         -0.37938742	          0.74599414	         -0.38224005	          0.63677245	         -0.01162419	
          3.37000000	          0.81090678	          0.01129011	          0.58506643	         -0.23476487	          0.92210226	          0.30759206	         -0.53601833	         -0.38678153	          0.75038950	         -0.38902006	          0.62496197	         -0.01392192	
          3.38000000	          0.81764951	          0.01322799	          0.57556434	         -0.23692009	          0.91889028	          0.31545130	         -0.52470769	         -0.39429135	          0.75446416	         -0.39602289	          0.61329408	         -0.01617666	
          3.39000000	          0.82419853	          0.01515206	          0.56609823	         -0.23901041	          0.91555280	          0.32347658	         -0.51339148	         -0.40191229	          0.75821877	         -0.40324790	          0.60176490	         -0.01838192	
          3.40000000	          0.83055954	          0.01705530	          0.55666864	         -0.24102301	          0.91208861	          0.33166591	         -0.50207446	         -0.40963823	          0.76165461	         -0.41069225	          0.59037025	         -0.02053183	
          3.41000000	          0.83673739	          0.01893114	          0.54727703	         -0.24294507	          0.90849742	          0.34001489	         -0.49076290	         -0.41746143	          0.76477299	         -0.41835075	          0.57910733	         -0.02262108	
          3.42000000	          0.84273541	          0.02077341	          0.53792704	         -0.24476459	          0.90477985	          0.34851645	         -0.47946567	         -0.42537264	          0.76757461	         -0.42621593	          0.56797612	         -0.02464499	
          3.43000000	          0.84855503	          0.02257675	          0.52862525	         -0.24647118	          0.90093743	          0.35716062	         -0.46819475	         -0.43336133	          0.77005950	         -0.43427807	          0.55698022	         -0.02659984	
          3.44000000	          0.85419558	          0.02433633	          0.51938198	         -0.24805639	          0.89697278	          0.36593423	         -0.45696600	         -0.44141543	          0.77222697	         -0.44252494	          0.54612758	         -0.02848265	
          3.45000000	          0.85965398	          0.02604751	          0.51021227	         -0.24951400	          0.89288979	          0.37482075	         -0.44580018	         -0.44952125	          0.77407548	         -0.45094192	          0.53543158	         -0.03029073	
          3.46000000	          0.86492574	          0.02770698	          0.50113450	         -0.25084151	          0.88869274	          0.38380172	         -0.43472060	         -0.45766532	          0.77560329	         -0.45951336	          0.52490927	         -0.03202299	
          3.47000000	          0.87000494	          0.02931212	          0.49217091	         -0.25204062	          0.88438564	          0.39285819	         -0.42375338	         -0.46583563	          0.77680772	         -0.46822440	          0.51458187	         -0.03367916	
          3.48000000	          0.87488515	          0.03086122	          0.48334621	         -0.25311680	          0.87997232	          0.40197090	         -0.41292597	         -0.47402142	          0.77768621	         -0.47706070	          0.50447306	         -0.03525997	
          3.49000000	          0.87955960	          0.03235307	          0.47468747	         -0.25407800	          0.87545737	          0.41111893	         -0.40226768	         -0.48221124	          0.77823713	         -0.48600660	          0.49460891	         -0.03676669	
          3.50000000	          0.88402253	          0.03378818	          0.46622153	         -0.25493494	          0.87084573	          0.42028074	         -0.39180651	         -0.49039380	          0.77846103	         -0.49504552	          0.48501489	         -0.03820236	
          3.51000000	          0.88826982	          0.03516828	          0.45797370	         -0.25569951	          0.86614339	          0.42943380	         -0.38156845	         -0.49855673	          0.77836155	         -0.50415901	          0.47571447	         -0.03957122	
          3.52000000	          0.89229752	          0.03649275	          0.44997046	         -0.25638393	          0.86135677	          0.43855650	         -0.37158096	         -0.50668807	          0.77794266	         -0.51333004	          0.46673226	         -0.04087474	
          3.53000000	          0.89610535	          0.03776484	          0.44223186	         -0.25700339	          0.85649012	          0.44763147	         -0.36186248	         -0.51478004	          0.77721107	         -0.52254480	          0.45808556	         -0.04211839	
          3.54000000	          0.89969576	          0.03898990	          0.43477272	         -0.25757411	          0.85154639	          0.45664463	         -0.35242462	         -0.52282744	          0.77617547	         -0.53179185	          0.44978588	         -0.04330966	
          3.55000000	          0.90307296	          0.04017187	          0.42760432	         -0.25811013	          0.84652875	          0.46558377	         -0.34327598	         -0.53082511	          0.77484598	         -0.54106091	          0.44184093	         -0.04445422	
          3.56000000	          0.90624364	          0.04131452	          0.42073220	         -0.25862261	          0.84144095	          0.47443806	         -0.33442012	         -0.53876733	          0.77323538	         -0.55034152	          0.43425228	         -0.04555721	
          3.57000000	          0.90921694	          0.04242181	          0.41415570	         -0.25911991	          0.83628710	          0.48319846	         -0.32585492	         -0.54664821	          0.77135874	         -0.55962344	          0.42701502	         -0.04662371	
          3.58000000	          0.91200380	          0.04349698	          0.40786895	         -0.25960783	          0.83107031	          0.49185965	         -0.31757336	         -0.55446384	          0.76923144	         -0.56889948	          0.42011883	         -0.04765775	
          3.59000000	          0.91461727	          0.04454408	          0.40185952	         -0.26008941	          0.82579327	          0.50041881	         -0.30956219	         -0.56221109	          0.76687022	         -0.57816359	          0.41354665	         -0.04866398	
          3.60000000	          0.91707177	          0.04556738	          0.39610981	         -0.26056452	          0.82045892	          0.50887454	         -0.30180375	         -0.56988664	          0.76429295	         -0.58740988	          0.40727622	         -0.04964708	
          3.61000000	          0.91938214	          0.04656995	          0.39059918	         -0.26103003	          0.81507006	          0.51722734	         -0.29427845	         -0.57748770	          0.76151701	         -0.59663389	          0.40128239	         -0.05061027	
          3.62000000	          0.92156350	          0.04755471	          0.38530412	         -0.26148043	          0.80962959	          0.52547875	         -0.28696463	         -0.58501152	          0.75855970	         -0.60583159	          0.39553736	         -0.05155648	
          3.63000000	          0.92363063	          0.04852463	          0.38019971	         -0.26190878	          0.80414037	          0.53363101	         -0.27983969	         -0.59245559	          0.75543771	         -0.61499937	          0.39001221	         -0.05248858	
          3.64000000	          0.92559746	          0.04948291	          0.37526095	         -0.26230756	          0.79860511	          0.54168683	         -0.27288107	         -0.59981774	          0.75216661	         -0.62413413	          0.38467828	         -0.05340966	
          3.65000000	          0.92747670	          0.05043302	          0.37046388	         -0.26266948	          0.79302628	          0.54964903	         -0.26606713	         -0.60709622	          0.74876061	         -0.63323320	          0.37950839	         -0.05432310	
          3.66000000	          0.92927956	          0.05137883	          0.36578644	         -0.26298806	          0.78740600	          0.55752047	         -0.25937769	         -0.61428984	          0.74523232	         -0.64229447	          0.37447766	         -0.05523265	
          3.67000000	          0.93101570	          0.05232447	          0.36120897	         -0.26325800	          0.78174583	          0.56530406	         -0.25279437	         -0.62139811	          0.74159247	         -0.65131661	          0.36956407	         -0.05614243	
          3.68000000	          0.93269325	          0.05327428	          0.35671438	         -0.26347540	          0.77604659	          0.57300297	         -0.24630065	         -0.62842147	          0.73784988	         -0.66029940	          0.36474853	         -0.05705677	
          3.69000000	          0.93431902	          0.05423261	          0.35228795	         -0.26363752	          0.77030819	          0.58062083	         -0.23988171	         -0.63536141	          0.73401134	         -0.66924396	          0.36001466	         -0.05798001	
          3.70000000	          0.93589870	          0.05520357	          0.34791693	         -0.26374253	          0.76452945	          0.58816205	         -0.23352409	         -0.64222059	          0.73008165	         -0.67815314	          0.35534831	         -0.05891630	
          3.71000000	          0.93743725	          0.05619082	          0.34358987	         -0.26378894	          0.75870798	          0.59563210	         -0.22721532	         -0.64900292	          0.72606364	         -0.68703166	          0.35073683	         -0.05986925	
          3.72000000	          0.93893916	          0.05719733	          0.33929592	         -0.26377501	          0.75284012	          0.60303773	         -0.22094343	         -0.65571352	          0.72195829	         -0.69588636	          0.34616831	         -0.06084179	
          3.73000000	          0.94040880	          0.05822522	          0.33502405	         -0.26369809	          0.74692093	          0.61038713	         -0.21469655	         -0.66235863	          0.71776489	         -0.70472613	          0.34163075	         -0.06183586	
          3.74000000	          0.94185064	          0.05927562	          0.33076242	         -0.26355404	          0.74094429	          0.61768991	         -0.20846257	         -0.66894541	          0.71348118	         -0.71356184	          0.33711135	         -0.06285237	
          3.75000000	          0.94326942	          0.06034863	          0.32649785	         -0.26333675	          0.73490308	          0.62495697	         -0.20222898	         -0.67548168	          0.70910362	         -0.72240603	          0.33259599	         -0.06389107	
          3.76000000	          0.94467022	          0.06144339	          0.32221559	         -0.26303787	          0.72878942	          0.63220018	         -0.19598279	         -0.68197558	          0.70462760	         -0.73127251	          0.32806897	         -0.06495067	
          3.77000000	          0.94605835	          0.06255821	          0.31789945	         -0.26264693	          0.72259486	          0.63943198	         -0.18971079	         -0.68843528	          0.70004763	         -0.74017589	          0.32351318	         -0.06602899	
          3.78000000	          0.94743912	          0.06369077	          0.31353245	         -0.26215171	          0.71631075	          0.64666483	         -0.18340008	         -0.69486862	          0.69535747	         -0.74913104	          0.31891078	         -0.06712313	
          3.79000000	          0.94881746	          0.06483833	          0.30909775	         -0.26153906	          0.70992847	          0.65391046	         -0.17703883	         -0.70128280	          0.69055028	         -0.75815248	          0.31424417	         -0.06822986	
          3.80000000	          0.95019750	          0.06599812	          0.30457997	         -0.26079594	          0.70343975	          0.66117924	         -0.17061707	         -0.70768408	          0.68561874	         -0.76725378	          0.30949741	         -0.06934589	
          3.81000000	          0.95158212	          0.06716759	          0.29996664	         -0.25991071	          0.69683691	          0.66847943	         -0.16412768	         -0.71407761	          0.68055512	         -0.77644704	          0.30465768	         -0.07046829	
          3.82000000	          0.95297254	          0.06834465	          0.29524964	         -0.25887435	          0.69011299	          0.67581664	         -0.15756716	         -0.72046726	          0.67535141	         -0.78574248	          0.29971680	         -0.07159475	
          3.83000000	          0.95436805	          0.06952784	          0.29042643	         -0.25768169	          0.68326189	          0.68319348	         -0.15093635	         -0.72685560	          0.66999937	         -0.79514821	          0.29467245	         -0.07272375	
          3.84000000	          0.95576587	          0.07071631	          0.28550098	         -0.25633221	          0.67627839	          0.69060940	         -0.14424079	         -0.73324399	          0.66449067	         -0.80467017	          0.28952912	         -0.07385459	
          3.85000000	          0.95716121	          0.07190976	          0.28048422	         -0.25483065	          0.66915813	          0.69806070	         -0.13749091	         -0.73963260	          0.65881702	         -0.81431215	          0.28429854	         -0.07498729	
          3.86000000	          0.95854750	          0.07310828	          0.27539404	         -0.25318716	          0.66189764	          0.70554076	         -0.13070179	         -0.74602057	          0.65297041	         -0.82407590	          0.27899957	         -0.07612249	
          3.87000000	          0.95991670	          0.07431223	          0.27025475	         -0.25141712	          0.65449435	          0.71304038	         -0.12389258	         -0.75240604	          0.64694342	         -0.83396124	          0.27365762	         -0.07726119	
          3.88000000	          0.96125980	          0.07552206	          0.26509624	         -0.24954060	          0.64694654	          0.72054817	         -0.11708581	         -0.75878626	          0.64072952	         -0.84396620	          0.26830373	         -0.07840466	
          3.89000000	          0.96256729	          0.07673822	          0.25995280	         -0.24758173	          0.63925346	          0.72805103	         -0.11030639	         -0.76515767	          0.63432345	         -0.85408715	          0.26297333	         -0.07955419	
          3.90000000	          0.96382964	          0.07796129	          0.25486166	         -0.24556778	          0.63141545	          0.73553450	         -0.10358037	         -0.77151576	          0.62772171	         -0.86431866	          0.25770463	         -0.08071129	
          3.91000000	          0.96503773	          0.07919211	          0.24986155	         -0.24352828	          0.62343404	          0.74298316	         -0.09693379	         -0.77785513	          0.62092289	         -0.87465355	          0.25253727	         -0.08187769	
          3.92000000	          0.96618318	          0.08043172	          0.24499142	         -0.24149408	          0.61531206	          0.75038102	         -0.09039174	         -0.78416950	          0.61392795	         -0.88508290	          0.24751084	         -0.08305535	
          3.93000000	          0.96725862	          0.08168146	          0.24028921	         -0.23949646	          0.60705370	          0.75771185	         -0.08397744	         -0.79045173	          0.60674035	         -0.89559616	          0.24266378	         -0.08424647	
          3.94000000	          0.96825780	          0.08294299	          0.23579079	         -0.23756630	          0.59866456	          0.76495948	         -0.07771156	         -0.79669392	          0.59936609	         -0.90618118	          0.23803222	         -0.08545349	
          3.95000000	          0.96917572	          0.08421823	          0.23152909	         -0.23573331	          0.59015165	          0.77210805	         -0.07161170	         -0.80288749	          0.59181369	         -0.91682440	          0.23364919	         -0.08667903	
          3.96000000	          0.97000858	          0.08550929	          0.22753356	         -0.23402542	          0.58152336	          0.77914228	         -0.06569218	         -0.80902333	          0.58409399	         -0.92751105	          0.22954405	         -0.08792584	
          3.97000000	          0.97075377	          0.08681834	          0.22382961	         -0.23246818	          0.57278935	          0.78604765	         -0.05996386	         -0.81509198	          0.57621992	         -0.93822540	          0.22574202	         -0.08919664	
          3.98000000	          0.97140974	          0.08814749	          0.22043852	         -0.23108445	          0.56396038	          0.79281061	         -0.05443433	         -0.82108386	          0.56820612	         -0.94895105	          0.22226403	         -0.09049399	
          3.99000000	          0.97197590	          0.08949857	          0.21737721	         -0.22989400	          0.55504815	          0.79941873	         -0.04910798	         -0.82698946	          0.56006861	         -0.95967128	          0.21912662	         -0.09182008	
          4.00000000	          0.97245252	          0.09087303	          0.21465829	         -0.22891327	          0.54606504	          0.80586083	         -0.04398637	         -0.83279953	          0.55182437	         -0.97036932	          0.21634195	         -0.09317668	
          4.01000000	          0.97284061	          0.09227178	          0.21229007	         -0.22815524	          0.53702395	          0.81212712	         -0.03906843	         -0.83850533	          0.54349100	         -0.98102872	          0.21391785	         -0.09456490	
          4.02000000	          0.97314181	          0.09369511	          0.21027659	         -0.22762918	          0.52793800	          0.81820928	         -0.03435079	         -0.84409875	          0.53508628	         -0.99163363	          0.21185787	         -0.09598518	
          4.03000000	          0.97335838	          0.09514258	          0.20861772	         -0.22734060	          0.51882032	          0.82410055	         -0.02982806	         -0.84957246	          0.52662788	         -1.00216908	          0.21016137	         -0.09743718	
          4.04000000	          0.97349313	          0.09661301	          0.20730908	         -0.22729108	          0.50968388	          0.82979582	         -0.02549302	         -0.85492004	          0.51813303	         -1.01262120	          0.20882347	         -0.09891973	
          4.05000000	          0.97354941	          0.09810451	          0.20634205	         -0.22747808	          0.50054123	          0.83529169	         -0.02133682	         -0.86013603	          0.50961824	         -1.02297752	          0.20783508	         -0.10043091	
          4.06000000	          0.97353117	          0.09961454	          0.20570370	         -0.22789488	          0.49140439	          0.84058649	         -0.01734907	         -0.86521597	          0.50109913	         -1.03322701	          0.20718273	         -0.10196802	
          4.07000000	          0.97344294	          0.10113999	          0.20537660	         -0.22853033	          0.48228472	          0.84568040	         -0.01351789	         -0.87015639	          0.49259021	         -1.04336030	          0.20684849	         -0.10352778	
          4.08000000	          0.97328995	          0.10267741	          0.20533879	         -0.22936879	          0.47319284	          0.85057539	         -0.00982996	         -0.87495479	          0.48410483	         -1.05336973	          0.20680986	         -0.10510643	
          4.09000000	          0.97307817	          0.10422317	          0.20556365	         -0.23039002	          0.46413851	          0.85527533	         -0.00627050	         -0.87960956	          0.47565503	         -1.06324936	          0.20703962	         -0.10669990	
          4.10000000	          0.97281434	          0.10577363	          0.20601992	         -0.23156920	          0.45513059	          0.85978593	         -0.00282328	         -0.88411995	          0.46725148	         -1.07299508	          0.20750587	         -0.10830406	
          4.11000000	          0.97250606	          0.10732539	          0.20667178	         -0.23287697	          0.44617700	          0.86411481	          0.00052926	         -0.88848598	          0.45890345	         -1.08260457	          0.20817207	         -0.10991483	
          4.12000000	          0.97216179	          0.10887545	          0.20747915	         -0.23427970	          0.43728460	          0.86827139	          0.00380600	         -0.89270842	          0.45061868	         -1.09207736	          0.20899733	         -0.11152841	
          4.13000000	          0.97179079	          0.11042141	          0.20839811	         -0.23573986	          0.42845912	          0.87226688	          0.00702687	         -0.89678866	          0.44240335	         -1.10141481	          0.20993682	         -0.11314147	
          4.14000000	          0.97140309	          0.11196160	          0.20938157	         -0.23721666	          0.41970508	          0.87611409	          0.01021263	         -0.90072873	          0.43426197	         -1.11062009	          0.21094247	         -0.11475127	
          4.15000000	          0.97100924	          0.11349527	          0.21038030	         -0.23866693	          0.41102572	          0.87982723	          0.01338451	         -0.90453119	          0.42619735	         -1.11969810	          0.21196395	         -0.11635586	
          4.16000000	          0.97062013	          0.11502260	          0.21134417	         -0.24004625	          0.40242290	          0.88342154	          0.01656370	         -0.90819911	          0.41821051	         -1.12865541	          0.21294999	         -0.11795413	
          4.17000000	          0.97024654	          0.11654466	          0.21222390	         -0.24131051	          0.39389688	          0.88691290	          0.01977063	         -0.91173603	          0.41030054	         -1.13750019	          0.21385014	         -0.11954585	
          4.18000000	          0.96989870	          0.11806340	          0.21297312	         -0.24241783	          0.38544622	          0.89031725	          0.02302419	         -0.91514602	          0.40246446	         -1.14624215	          0.21461689	         -0.12113161	
          4.19000000	          0.96958567	          0.11958144	          0.21355072	         -0.24333062	          0.37706785	          0.89364984	          0.02634082	         -0.91843351	          0.39469741	         -1.15489204	          0.21520809	         -0.12271282	
          4.20000000	          0.96931477	          0.12110193	          0.21392336	         -0.24401802	          0.36875704	          0.89692444	          0.02973353	         -0.92160326	          0.38699270	         -1.16346141	          0.21558954	         -0.12429159	
          4.21000000	          0.96909094	          0.12262823	          0.21406788	         -0.24445811	          0.36050742	          0.90015256	          0.03321106	         -0.92466032	          0.37934194	         -1.17196221	          0.21573749	         -0.12587047	
          4.22000000	          0.96891634	          0.12416368	          0.21397316	         -0.24463966	          0.35231108	          0.90334287	          0.03677726	         -0.92760999	          0.37173532	         -1.18040642	          0.21564052	         -0.12745233	
          4.23000000	          0.96879004	          0.12571129	          0.21364110	         -0.24456327	          0.34415881	          0.90650070	          0.04043091	         -0.93045762	          0.36416199	         -1.18880566	          0.21530061	         -0.12904010	
          4.24000000	          0.96870817	          0.12727362	          0.21308662	         -0.24424139	          0.33604044	          0.90962793	          0.04416592	         -0.93320858	          0.35661060	         -1.19717073	          0.21473306	         -0.13063664	
          4.25000000	          0.96866413	          0.12885256	          0.21233656	         -0.24369754	          0.32794522	          0.91272309	          0.04797194	         -0.93586802	          0.34906982	         -1.20551128	          0.21396543	         -0.13224453	
          4.26000000	          0.96864920	          0.13044921	          0.21142784	         -0.24296469	          0.31986236	          0.91578176	          0.05183520	         -0.93844077	          0.34152897	         -1.21383547	          0.21303560	         -0.13386586	
          4.27000000	          0.96865312	          0.13206383	          0.21040503	         -0.24208314	          0.31178152	          0.91879706	          0.05573946	         -0.94093115	          0.33397857	         -1.22214977	          0.21198925	         -0.13550214	
          4.28000000	          0.96866484	          0.13369575	          0.20931763	         -0.24109804	          0.30369325	          0.92176035	          0.05966709	         -0.94334291	          0.32641076	         -1.23045876	          0.21087708	         -0.13715412	
          4.29000000	          0.96867319	          0.13534341	          0.20821723	         -0.24005684	          0.29558944	          0.92466188	          0.06360008	         -0.94567915	          0.31881967	         -1.23876513	          0.20975189	         -0.13882171	
          4.30000000	          0.96866746	          0.13700441	          0.20715486	         -0.23900683	          0.28746352	          0.92749149	          0.06752096	         -0.94794226	          0.31120154	         -1.24706976	          0.20866583	         -0.14050401	
          4.31000000	          0.96863795	          0.13867564	          0.20617852	         -0.23799287	          0.27931068	          0.93023918	          0.07141366	         -0.95013399	          0.30355474	         -1.25537188	          0.20766795	         -0.14219934	
          4.32000000	          0.96857629	          0.14035344	          0.20533114	         -0.23705543	          0.27112786	          0.93289571	          0.07526412	         -0.95225553	          0.29587957	         -1.26366940	          0.20680205	         -0.14390529	
          4.33000000	          0.96847572	          0.14203366	          0.20464904	         -0.23622908	          0.26291356	          0.93545298	          0.07906080	         -0.95430755	          0.28817788	         -1.27195936	          0.20610515	         -0.14561883	
          4.34000000	          0.96833119	          0.14371192	          0.20416069	         -0.23554129	          0.25466760	          0.93790442	          0.08279493	         -0.95629038	          0.28045268	         -1.28023837	          0.20560626	         -0.14733648	
          4.35000000	          0.96813947	          0.14538372	          0.20388610	         -0.23501174	          0.24639084	          0.94024520	          0.08646068	         -0.95820411	          0.27270758	         -1.28850312	          0.20532577	         -0.14905440	
          4.36000000	          0.96789903	          0.14704449	          0.20383666	         -0.23465201	          0.23808467	          0.94247235	          0.09005498	         -0.96004875	          0.26494621	         -1.29675094	          0.20527527	         -0.15076844	
          4.37000000	          0.96761003	          0.14868963	          0.20401524	         -0.23446558	          0.22975068	          0.94458484	          0.09357733	         -0.96182432	          0.25717167	         -1.30498024	          0.20545769	         -0.15247421	
          4.38000000	          0.96727419	          0.15031476	          0.20441650	         -0.23444805	          0.22139043	          0.94658354	          0.09702962	         -0.96353088	          0.24938625	         -1.31319073	          0.20586758	         -0.15416725	
          4.39000000	          0.96689470	          0.15191580	          0.20502739	         -0.23458752	          0.21300530	          0.94847111	          0.10041582	         -0.96516855	          0.24159124	         -1.32138355	          0.20649170	         -0.15584317	
          4.40000000	          0.96647607	          0.15348919	          0.20582778	         -0.23486519	          0.20459649	          0.95025187	          0.10374175	         -0.96673748	          0.23378688	         -1.32956118	          0.20730953	         -0.15749790	
          4.41000000	          0.96602405	          0.15503202	          0.20679120	         -0.23525600	          0.19616505	          0.95193166	          0.10701468	         -0.96823775	          0.22597237	         -1.33772731	          0.20829413	         -0.15912776	
          4.42000000	          0.96554545	          0.15654217	          0.20788584	         -0.23572960	          0.18771198	          0.95351758	          0.11024305	         -0.96966941	          0.21814607	         -1.34588663	          0.20941308	         -0.16072967	
          4.43000000	          0.96504795	          0.15801836	          0.20907571	         -0.23625143	          0.17923833	          0.95501774	          0.11343595	         -0.97103235	          0.21030565	         -1.35404453	          0.21062968	         -0.16230118	
          4.44000000	          0.96453985	          0.15946010	          0.21032201	         -0.23678405	          0.17074533	          0.95644098	          0.11660267	         -0.97232634	          0.20244829	         -1.36220678	          0.21190433	         -0.16384051	
